1.250000000000000000e+02,2.003355942399231255e-07,1.424064787423261758e-05,0.000000000000000000e+00,9.666163714771856464e-08,1.052817313131791973e-05,0.000000000000000000e+00
3.750000000000000000e+02,3.811405488259873148e-07,1.937603360720856419e-05,0.000000000000000000e+00,8.515751506088769438e-08,5.271612689306553327e-06,0.000000000000000000e+00
6.250000000000000000e+02,5.060942121655972508e-07,3.260653185130689771e-05,0.000000000000000000e+00,7.762100227203267584e-08,5.040866523747276282e-06,0.000000000000000000e+00
8.750000000000000000e+02,5.941268794630581369e-07,5.474076705928940522e-05,0.000000000000000000e+00,6.600935927046342782e-08,5.498322322119748246e-06,0.000000000000000000e+00
1.125000000000000000e+03,5.949898285580507903e-07,7.710244988802536048e-05,0.000000000000000000e+00,6.683435429608833590e-08,6.013012773624887892e-06,0.000000000000000000e+00
1.375000000000000000e+03,6.317698628259168138e-07,9.047417900939205490e-05,0.000000000000000000e+00,6.712592231579493610e-08,6.487297105469015380e-06,0.000000000000000000e+00
1.625000000000000000e+03,5.861604791310400134e-07,9.906011662623185536e-05,0.000000000000000000e+00,7.064146898620299565e-08,6.778161065804960258e-06,0.000000000000000000e+00
1.875000000000000000e+03,5.449976580436380234e-07,1.040968732416405518e-04,0.000000000000000000e+00,6.959993927557431277e-08,7.032205491116289893e-06,0.000000000000000000e+00
2.125000000000000000e+03,5.287399057937756792e-07,1.091215630681667054e-04,0.000000000000000000e+00,6.552584876229213668e-08,7.240199162012651997e-06,0.000000000000000000e+00
2.375000000000000000e+03,5.177587285466540375e-07,1.150500769420848967e-04,0.000000000000000000e+00,7.049559794235065536e-08,7.324715852277503082e-06,0.000000000000000000e+00
2.625000000000000000e+03,5.210835915323467156e-07,1.151251546692075967e-04,0.000000000000000000e+00,6.674460212680462264e-08,7.299496488012652258e-06,0.000000000000000000e+00
2.875000000000000000e+03,4.446247690817321763e-07,1.139121482285223550e-04,0.000000000000000000e+00,7.170242135179245761e-08,7.215306892611060781e-06,0.000000000000000000e+00
3.125000000000000000e+03,4.249144798248095088e-07,1.119223314079549289e-04,0.000000000000000000e+00,6.546283094591095522e-08,6.899060608912751673e-06,0.000000000000000000e+00
3.375000000000000000e+03,3.910534745879357860e-07,1.078141207678648059e-04,0.000000000000000000e+00,7.300298157618536699e-08,6.526676721620272339e-06,0.000000000000000000e+00
3.625000000000000000e+03,3.897283061295187814e-07,1.021378789834693313e-04,0.000000000000000000e+00,7.081231548090870328e-08,5.916077545076669354e-06,0.000000000000000000e+00
3.875000000000000000e+03,3.780376948614110289e-07,9.402285010718714788e-05,0.000000000000000000e+00,8.486078454586915728e-08,5.310073203915847261e-06,0.000000000000000000e+00
4.125000000000000000e+03,3.111764460834793154e-07,8.415084412327729824e-05,0.000000000000000000e+00,8.319674356419007225e-08,4.849489440099530318e-06,0.000000000000000000e+00
4.375000000000000000e+03,2.933142299231887386e-07,7.490096977010118169e-05,0.000000000000000000e+00,7.861439203768462579e-08,4.414314755575728801e-06,0.000000000000000000e+00
4.625000000000000000e+03,3.182319621616338792e-07,6.391317666346210777e-05,0.000000000000000000e+00,7.485284634117377952e-08,4.275664159382045421e-06,0.000000000000000000e+00
4.875000000000000000e+03,2.506339509018817685e-07,5.362615103398335242e-05,0.000000000000000000e+00,7.872094399539848289e-08,4.202609475537748996e-06,0.000000000000000000e+00
5.125000000000000000e+03,2.778757567321651230e-07,4.312657229775241464e-05,0.000000000000000000e+00,7.783336794761114891e-08,4.198855673209411294e-06,0.000000000000000000e+00
5.375000000000000000e+03,2.878296744143253580e-07,3.459186670176613639e-05,0.000000000000000000e+00,7.542329081973015667e-08,4.409951366132354931e-06,0.000000000000000000e+00
5.625000000000000000e+03,2.227337241212518855e-07,2.737507548487382912e-05,0.000000000000000000e+00,8.049744033170490892e-08,4.254144174987583668e-06,0.000000000000000000e+00
5.875000000000000000e+03,2.138198114954789577e-07,2.140613674807261764e-05,0.000000000000000000e+00,7.394997275980715015e-08,4.476489956047547166e-06,0.000000000000000000e+00
6.125000000000000000e+03,2.487807934753240258e-07,1.680155257672492395e-05,0.000000000000000000e+00,8.267574392198544958e-08,4.606049052035745727e-06,0.000000000000000000e+00
6.375000000000000000e+03,2.033169657326103622e-07,1.309048245059098583e-05,0.000000000000000000e+00,6.917620251707114524e-08,4.308323481948949490e-06,0.000000000000000000e+00
6.625000000000000000e+03,2.257641577425583646e-07,1.063446103165591117e-05,0.000000000000000000e+00,7.292503550032255669e-08,4.186486920612145258e-06,0.000000000000000000e+00
6.875000000000000000e+03,1.978592664633495054e-07,8.208940627483746839e-06,0.000000000000000000e+00,7.609780427674508072e-08,3.941664651339051708e-06,0.000000000000000000e+00
7.125000000000000000e+03,2.152999140770942468e-07,7.066368343426553778e-06,0.000000000000000000e+00,6.413701825553250212e-08,3.637678107301394455e-06,0.000000000000000000e+00
7.375000000000000000e+03,1.759772597788652722e-07,6.037932975659746453e-06,0.000000000000000000e+00,7.169011230263812030e-08,3.358482426271098930e-06,0.000000000000000000e+00
7.625000000000000000e+03,1.686247615955093420e-07,5.492240612949745911e-06,0.000000000000000000e+00,6.777968184893060182e-08,3.308935623081667462e-06,0.000000000000000000e+00
7.875000000000000000e+03,1.779135685024139750e-07,4.854710882743711613e-06,0.000000000000000000e+00,6.975158185548108540e-08,2.980020191834454432e-06,0.000000000000000000e+00
8.125000000000000000e+03,1.689671862127693492e-07,4.411049004039847907e-06,0.000000000000000000e+00,6.934718768031773442e-08,2.929691961112686342e-06,0.000000000000000000e+00
8.375000000000000000e+03,1.614266764227770365e-07,4.448874086062071526e-06,0.000000000000000000e+00,6.619498903815419341e-08,2.893297729283801798e-06,0.000000000000000000e+00
8.625000000000000000e+03,1.631276618939453818e-07,3.980575814394334695e-06,0.000000000000000000e+00,7.764017255269069311e-08,2.506195606888958726e-06,0.000000000000000000e+00
8.875000000000000000e+03,1.610151881412096930e-07,3.753997607895439477e-06,0.000000000000000000e+00,6.663982432624906307e-08,2.503779387242115835e-06,0.000000000000000000e+00
9.125000000000000000e+03,1.409402150051847176e-07,3.779037833438570013e-06,0.000000000000000000e+00,7.817600675239357882e-08,2.441409051914714209e-06,0.000000000000000000e+00
9.375000000000000000e+03,1.460783729898983869e-07,3.574824090435241519e-06,0.000000000000000000e+00,6.445017243499592733e-08,2.260245709220704260e-06,0.000000000000000000e+00
9.625000000000000000e+03,1.404521677541744884e-07,3.171739149168003990e-06,0.000000000000000000e+00,5.966785528044046460e-08,2.084237485955859545e-06,0.000000000000000000e+00
9.875000000000000000e+03,1.334835881679365840e-07,3.184726104063231445e-06,0.000000000000000000e+00,5.983115028230615817e-08,2.004723983399879083e-06,0.000000000000000000e+00
