2.9864963413243863 0.8963163179951983
282750.8295060384 0.000037963568893190066
7994803.158635476 0.0000016581688534569093
298649634.1324338 9.141968793398571e-8
364380456.4985756 8.580237132681866e-8
427237678.3824712 9.338786890666236e-8
336509895.8450364 3.774578043851306e-7
164430630.23855484 0.000002140059123669773
25344731.166253217 0.0001570086541137686
37728875.91166999 0.00048208333077641257
40853672.35144627 0.0008011679814633018
30922939.982902706 0.0031039345762424097
1184224.7275953873 0.9396964846075002