1.000000000000000056e-01 2.388643078984600391e-07
2.169052183045735716e-01 3.319008795914677014e-08
4.704787372775471876e-01 1.167419358823457474e-08
1.020492932168464595e+00 3.656160144085193707e-09
2.213502422302752848e+00 1.821814698566970994e-09
4.801202261272811356e+00 1.019537868532730279e-09
1.041405824605790720e+01 6.408002744416009583e-10
2.258863577297735503e+01 4.027559979850293142e-10
4.899592973540154617e+01 2.843030459302665067e-10
2.305154315365115849e+02 2.531403315241569358e-10
4.999999999999999432e+02 0.000000000000000000e+00
