3.727593720314937660e-08 7.635060803383346120e-07
1.389495494373135967e-07 8.936590854299714331e-07
1.930697728883249761e-06 3.819717549283664621e-07
7.196856730011513747e-06 8.131230080630369568e-07
2.682695795279727390e-05 6.731703824144982145e-07
1.000000000000000048e-04 9.222395651044234809e-07
3.727593720314937870e-04 3.941877511129657194e-07
1.389495494373136101e-03 3.819717549283664621e-07
5.179474679231202416e-03 4.198042925663985361e-07
1.930697728883249559e-02 4.613839682733213992e-07
7.196856730011513825e-02 5.573060401273886074e-07
2.682695795279722017e-01 6.731703824144982145e-07
1.000000000000000000e+00 1.045998953430253492e-06
