3.727593720314937660e-08 4.067944321083047445e-07
1.389495494373135967e-07 4.913672985920653671e-07
5.179474679231212542e-07 6.731703824144982145e-07
1.930697728883249761e-06 2.167392169568417514e-07
7.196856730011513747e-06 4.332302267358798789e-07
2.682695795279727390e-05 3.701343361154912471e-07
1.000000000000000048e-04 5.070819187632955160e-07
3.727593720314937870e-04 2.167392169568417514e-07
1.389495494373136101e-03 2.100224038648006601e-07
5.179474679231202416e-03 2.308241526761365840e-07
1.930697728883249559e-02 2.617994621585400391e-07
7.196856730011513825e-02 2.969314848202478423e-07
2.682695795279722017e-01 3.701343361154912471e-07
1.000000000000000000e+00 5.573060401273886074e-07
