1.000000000000000056e-01 2.126821747296212577e-07
2.169052183045735716e-01 3.727593720314937660e-08
4.704787372775471876e-01 1.039457465372262610e-08
1.020492932168464595e+00 5.179474679231223163e-09
2.213502422302752848e+00 2.482892880560330068e-05
4.801202261272811356e+00 5.489032450921557511e-06
1.041405824605790720e+01 1.080471822318128560e-06
2.258863577297735503e+01 2.682695795279727496e-07
4.899592973540154617e+01 5.280670574582636656e-08
1.062747283529282356e+02 1.167419358823457474e-08
2.305154315365115849e+02 1.622123939129169639e-09
4.999999999999999432e+02 0.000000000000000000e+00
