1.67115,-0.380014
1.65568,0.749578
1.82973,-0.243142
2.11043,0.237308
2.17142,-0.0814097
2.12105,-0.147567
2.17879,0.374125
2.16127,0.831876
2.08131,0.839022
2.12142,0.757638
2.01231,-0.354566
2.14989,-0.0956415
1.87788,-0.157213
2.19607,0.18727
2.09902,0.672732
2.04716,-0.0145632
2.21217,-0.0839703
2.03605,-0.567467
1.94289,-0.853824
1.92442,-0.898286
2.08366,-0.495839
2.13952,-0.433622
2.12989,0.619006
2.1999,0.146116
2.05836,-0.393139
2.07407,0.157878
2.12626,-0.8309
1.96306,0.8524
2.16678,-0.150537
2.19489,0.257202
1.86728,0.341114
2.16415,-0.141511
1.84089,0.480403
48.3801,0.970499
148.438,-0.160917
265.196,0.986603
264.458,0.89243
152.209,0.943502
84.135,0.324899
80.9749,-0.711166
63.7555,0.339721
131.5,0.814577
42.4149,-0.324675
38.9242,-0.418715
264.541,-0.284256
84.2529,0.900633
12.7196,0.507976
100.456,0.699953
53.5471,-0.117946
190.224,-0.186401
108.321,-0.822631
169.556,0.0383755
3.46031,0.938511
80.3313,-0.826329
109.768,-0.522833
489.448,0.955513
84.9338,0.768898
84.9229,0.232855
136.408,0.401751
295.326,0.756654
174.124,-0.689801
45.5947,-0.215194
23.7519,0.646884
6.48332,-0.734522
120.559,0.15099
53.0513,0.558739
36.3241,-0.512269
146.417,0.182765
56.1271,-0.234952
193.867,0.579471
67.3652,-0.848119
92.2191,-0.518153
244.45,0.579802
265.966,0.922565
115.214,-0.7644
126.261,0.0252946
50.2465,-0.869361
14.5179,0.648555
262.776,0.850534
272.348,0.494348
183.603,0.746996
81.8524,0.194487
86.4473,0.647442
62.9244,-0.817321
56.3618,0.405356
61.203,-0.0358296
76.6555,0.120793
82.6709,-0.0887338
69.2969,-0.0424559
421.898,0.818469
83.6658,0.979601
41.0085,-0.366608
126.513,0.298272
88.989,-0.834637
135.602,-0.30463
41.438,-0.307356
535.226,0.999523
151.608,0.877597
71.6583,0.498622
66.2001,-0.129113
224.345,-0.337498
80.2511,-0.0652453
7.32137,0.993787
136.366,-0.977631
56.9366,0.668721
85.3501,-0.305826
222.231,0.957871
383.106,0.941612
63.1527,-0.351281
142.306,0.626148
165.258,0.372588
56.7111,0.847716
539.534,0.939056
114.142,-0.718032
203.372,-0.476173
185.49,0.535747
135.201,0.801032
161.366,0.469073
111.874,0.438375
143.89,-0.523419
169.387,-0.409729
68.8317,0.292881
11.9099,0.932336
27.2071,0.964333
56.9839,-0.219423
121.206,-0.419635
137.053,-0.84479
16.4623,0.402142
299.762,0.979208
272.832,0.805974
154.116,0.974432
39.0006,-0.839765
254.651,0.73388
53.9138,-0.960462
163.392,-0.0725918
487.978,0.586916
5.50244,0.132788
111.013,-0.62298
124.55,-0.482464
9.81188,0.749562
149.595,0.338154
90.4177,-0.969358
148.032,-0.46821
325.029,0.896687
243.755,0.71711
19.5242,0.507104
528.973,0.795892
227.987,0.774454
143.689,0.518484
16.8415,-0.287486
212.801,0.740962
58.4129,0.80454
215.382,0.20552
129,0.883456
205.644,0.452581
29.4409,-0.0549886
243.992,0.599234
242.974,0.976449
206.224,0.916315
114.33,-0.387331
46.8579,-0.199301
4.70818,-0.978297
70.6841,-0.288411
5.34409,0.669017
104.079,-0.451307
440.872,0.969561
150.233,0.95727
132.741,0.546681
229.49,0.95278
33.0432,-0.0845582
152.839,0.424825
46.5188,-0.983618
55.8105,0.763753
117.065,-0.250517
178.933,0.120302
48.3681,-0.409977
27.6787,0.564326
103.077,-0.909026
82.7819,0.0736496
30.3745,0.898087
7.12966,-0.729917
291.029,0.491555
112.523,0.388168
82.6762,0.925912
67.5781,-0.36922
72.4611,-0.0698646
72.5793,0.160747
133.625,-0.991141
59.0935,0.264774
100.097,0.497471
362.007,0.94382
90.6386,-0.652437
201.591,0.901611
8.13275,0.918947
142.511,0.636543
171.733,0.597935
193.887,0.576026
91.438,0.289585
60.3921,0.534424
54.0644,-0.905108
96.8028,0.388017
47.333,0.873087
158.397,0.4754
70.5571,0.896864
181.855,0.898395
78.4689,-0.84991
23.7508,-0.771728
91.5597,-0.839725
54.4242,0.520563
87.3734,-0.672306
195.883,0.267438
62.7963,0.513291
546.484,0.957032
69.1533,0.543243
451.838,0.746765
190.058,0.432515
120.332,-0.247139
81.9249,-0.579262
115.061,0.481105
97.4716,-0.935989
165.12,0.840216
262.45,0.992067
93.5923,-0.55503
140.5,0.604106
96.5401,0.851807
122.235,0.322139
337.965,0.998203
57.3641,0.548753
226.991,0.428233
188.655,0.691093
25.338,0.387275
101.003,0.92738
149.135,0.263968
77.0445,0.469453
14.7,-0.88396
87.1407,0.0125921
69.6561,0.752098
164.104,-0.156473
88.4569,-0.412532
161.725,0.973495
106.339,-0.259478
32.0556,-0.0232037
137.862,-0.724411
56.0681,-0.939762
353.235,0.842538
13.1167,-0.676033
112.86,0.480449
121.737,0.749919
143.617,-0.763055
31.8044,0.346192
111.959,-0.462776
90.6542,0.653352
342.819,0.99733
54.4719,-0.0641948
36.4819,0.856264
51.5757,-0.0831812
121.999,0.858798
65.5665,0.7076
45.4973,0.719291
598.736,0.997126
107.436,-0.927261
45.5589,0.780107
126.94,-0.884767
131.795,0.949361
150.027,0.290065
15.2278,0.9749
68.695,0.437581
3.6273,0.84075
4.15054,-0.186379
69.3896,-0.883408
27.4734,-0.796605
100.332,-0.239596
50.3399,-0.511736
264.797,0.744439
150.314,0.91707
237.592,0.876901
105.307,-0.671339
167.974,0.700285
77.6877,0.359379
49.7753,0.285768
102.512,0.708554
337.46,0.820986
30.9839,-0.628317
6.80161,-0.484483
41.9534,-0.178434
97.4479,0.468012
62.5037,-0.700608
55.7086,-0.887235
142.791,0.15362
139.686,-0.826482
58.1374,0.353633
97.0832,-0.465141
279.963,0.264898
176.605,-0.445159
45.0655,-0.80944
150.058,0.148394
515.57,0.96348
38.8953,-0.597135
106.066,0.723009
98.2418,0.767597
63.9219,0.393692
110.701,0.571885
190.682,0.294209
133.414,-0.640263
40.031,0.350599
236.131,0.992184
20.5734,-0.406503
152.131,-0.0356223
39.3646,0.617754
42.2936,-0.83357
29.6058,-0.705227
112.145,0.761557
123.099,-0.177657
30.5145,0.926884
182.002,-0.492238
97.4166,0.679297
180.269,0.963643
125.679,-0.740831
94.463,0.380541
45.5488,-0.956355
110.292,0.646149
4.94614,0.653786
79.8811,0.602468
258.278,0.956135
109.001,0.680272
110.688,0.0084136
63.8414,-0.925266
313.555,0.93228
51.767,-0.0773883
119.967,-0.272564
69.0304,0.321823
80.4587,0.178671
53.0228,-0.920136
209.101,0.0687769
48.0722,-0.738702
138.276,0.233299
382.423,0.89229
246.666,0.958812
124.685,0.390765
42.9272,-0.407262
292.708,0.887884
218.334,0.568543
62.9048,0.830817
333.316,0.976609
231.184,0.801594
12.6778,-0.756632
17.3021,0.265376
64.9693,-0.177328
420.28,0.971395
176.334,0.803527
163.169,0.891932
149.581,0.418049
125.039,0.61671
209.488,0.950087
98.4618,0.793253
47.6996,0.0787385
105.745,0.75086
71.6794,0.466517
63.447,-0.36561
102.781,0.5087
159.558,0.995908
17.5557,0.90294
342.239,0.622726
50.2542,-0.757856
159.853,0.685191
91.9765,0.257145
104.467,-0.199343
95.6919,-0.312872
66.3457,0.016868
122.125,0.0691437
43.9904,-0.929016
140,0.122595
161.684,-0.93955
42.541,0.462838
107.88,0.0745909
60.1964,0.853352
93.7272,0.680619
76.9441,-0.0830815
102.51,0.0332145
185.971,0.836693
30.166,-0.905032
3.12797,-0.116407
65.3438,0.35141
102.061,0.741872
67.3603,-0.174642
185.322,0.424174
8.92902,-0.388436
56.7629,-0.48452
183.24,-0.548937
27.8701,0.778465
213.572,0.303908
53.1201,-0.866551
121.839,0.795242
134.796,0.946545
4.16662,-0.0967754
162.777,-0.935774
81.9486,0.627937
187.211,0.902666
83.9769,0.302322
152.467,0.828584
54.916,0.104957
268.045,0.972125
186.509,0.872907
30.4293,0.648069
491.07,0.951119
20.6765,0.375085
89.8619,0.57478
57.7588,0.0581295
67.4604,0.580802
181.224,0.826373
183.36,0.899964
120.262,0.883999
76.6233,-0.553977
87.9633,0.520772
78.0994,0.698266
73.4646,-0.000947581
36.4641,0.032398
183.046,0.767949
51.0196,0.309877
323.341,0.782557
36.774,-0.673208
128.508,-0.538482
11.6508,0.387443
149.713,-0.854569
103.589,-0.20256
73.256,-0.669774
88.9143,-0.610932
529.535,0.974194
153.471,0.44813
142.83,0.539198
39.6675,-0.0544346
52.4615,-0.25998
185.003,0.262812
130.874,0.139558
82.3147,0.281043
91.532,-0.737831
139.571,-0.984357
318.387,0.598373
88.2993,-0.58902
133.865,-0.0670378
70.8459,0.298772
98.8338,-0.746781
194.415,0.532999
117.86,-0.371954
60.0897,-0.0448894
176.102,0.968867
65.5237,-0.97803
160.056,0.041434
101.82,-0.546381
46.4547,-0.778489
235.316,0.822061
250.139,0.924245
81.2988,0.772783
107.849,0.247378
140.679,0.333308
106.179,-0.682451
9.62588,0.301276
34.7159,0.803233
65.7638,-0.593456
70.3837,0.692332
52.7389,0.942591
90.7883,0.317491
80.913,-0.218691
66.8505,0.10836
78.1978,0.296415
132.658,0.178936
57.2655,0.744051
170.642,0.214034
76.8614,-0.827542
133.057,-0.645435
105.593,-0.47897
52.4884,0.168769
55.2806,-0.689974
250.288,-0.982123
235.297,0.456781
188.412,0.847612
113.677,0.312794
65.2213,-0.61848
18.167,0.144535
23.5978,-0.950734
231.447,0.865336
287.025,0.404485
120.904,-0.282869
72.7151,0.710822
54.3266,-0.179777
173.87,0.774152
64.8024,-0.759348
552.393,0.950541
38.5441,0.332764
91.2073,-0.279123
68.3651,0.943733
140.663,-0.577353
93.6604,0.562021
66.3247,-0.791083
99.5254,0.397772
67.4607,0.922147
143.111,-0.143281
130.187,0.647795
246.974,0.992294
139.012,0.696704
456.245,0.869005
89.7809,0.512403
50.1973,0.345032
93.4386,0.544486
127.408,-0.920722
87.2614,-0.763718
12.9572,0.820661
5.55626,-0.0637423
182.767,-0.530854
82.5461,-0.823645
121.316,0.871885
82.829,0.853609
281.162,0.872727
41.1625,0.061955
48.9643,-0.332661
165.993,0.861183
74.4408,-0.909857
60.6729,-0.807963
318.165,0.935803
211.208,0.904809
97.9383,0.535928
188.512,0.398639
112.548,-0.22528
114.742,0.429218
116.665,-0.64845
153.536,0.958553
404.893,0.77141
49.1055,0.456776
50.1597,0.567908
104.561,0.28533
145.622,-0.218745
80.2933,0.662303
8.04625,-0.931395
3.00141,0.236889
51.0856,0.151966
406.398,0.777009
162.097,0.116998
112.483,-0.798295
74.9119,-0.905604
4.85084,0.535523
76.7765,0.228671
234.546,0.2273
8.70901,-0.995491
28.0889,-0.70842
593.647,0.99875
63.6767,0.774123
39.7467,0.0431979
120.519,-0.845728
50.7103,0.47317
42.7572,-0.382998
151.08,0.606622
459.803,0.491386
90.5613,0.89148
148.231,0.968984
127.861,0.765239
176.525,0.167999
30.0895,0.259394
175.669,-0.013054
101.916,-0.865601
34.8583,-0.485443
168.882,-0.452492
88.0831,0.667428
214.153,0.960308
465.722,0.985934
132.143,-0.678053
115.4,0.840354
240.983,0.174649
110.173,-0.393751
49.3613,0.319844
36.2199,-0.940788
71.8082,-0.53213
91.8654,-0.365924
91.0413,-0.628261
116.924,0.0194198
87.3054,0.794171
84.9266,0.368273
3.14739,-0.709152
107.63,0.272358
82.2288,0.287163
134.667,0.936019
70.0676,0.0110939
66.4089,-0.112098
199.4,0.697287
308.871,0.968396
94.6564,0.823238
40.7432,-0.544011
156.079,0.858966
258.992,-0.971321
3.10102,0.968814
6.48578,-0.731137
43.9724,0.700537
101.657,0.645056
22.1588,0.575439
67.3367,-0.0930489
162.134,0.926856
93.0831,-0.120842
78.9149,-0.860376
59.2889,0.654684
145.161,0.838501
306.184,0.937947
125.322,0.808242
22.5657,-0.315338
4.15837,0.859998
125.39,0.578353
81.3058,-0.718947
101.263,0.764619
144.333,-0.0149655
81.8001,0.170979
57.856,-0.528859
45.5649,-0.425824
286.062,-0.0676884
47.9262,0.915015
147.268,-0.748514
482.697,0.847443
15.8773,0.350742
51.8655,-0.911274
48.1196,-0.903055
79.4407,-0.283993
133.731,-0.706017
153.186,0.79548
57.2302,0.20722
82.4308,-0.825238
64.683,0.854466
243.862,0.74041
345.502,0.918221
45.6618,0.506141
113.456,0.341733
96.3801,-0.690459
40.2745,-0.681048
210.413,-0.945341
56.9619,-0.966153
112.715,0.55815
48.4003,-0.590264
28.5519,-0.667977
21.8939,0.134268
65.7362,0.182758
74.1494,0.324235
171.211,0.967284
345.321,0.943647
47.3843,-0.213045
111.74,-0.491457
166.334,0.65168
39.9303,0.285088
22.0014,0.957839
74.2526,0.415477
89.6517,-0.74169
11.6872,-0.300697
7.84747,-0.393998
181.883,-0.629338
72.2506,-0.877978
63.7157,0.838843
292.552,0.903138
123.697,0.890299
120.581,-0.57903
185.219,0.613541
90.0431,0.640257
113.545,-0.85918
89.7136,0.925437
74.7725,0.730186
18.7623,-0.804439
79.2034,-0.121771
133.995,0.813134
152.953,-0.900647
11.7806,-0.235864
40.9269,0.394904
114.538,-0.628948
31.0887,-0.681319
3.50534,-0.539832
89.4983,0.67969
254.721,0.938541
19.4674,-0.999425
110.793,0.606819
89.2668,-0.632527
100.782,0.881481
120.123,-0.226773
54.8921,0.40731
177.986,0.542305
110.481,0.752116
84.0761,-0.362519
122.346,-0.367426
10.0429,0.949409
72.247,0.459736
175.783,0.73289
48.3838,0.814104
36.3574,-0.375842
30.328,0.998545
50.5528,-0.566417
61.6774,-0.0315511
222.621,0.706553
317.569,0.753498
300.72,0.968364
129.918,0.897672
70.221,-0.608046
113.191,-0.44976
126.066,-0.261249
62.9549,-0.686431
94.403,0.862735
8.92931,-0.896669
38.8959,0.197157
428.255,0.703973
19.8329,0.590497
47.2582,0.605777
219.588,0.673825
97.5113,-0.827167
65.7163,0.499571
53.0539,0.799971
666.828,0.995902
118.864,0.331935
255.486,0.779793
120.028,0.376034
49.9455,-0.341222
529.663,0.700143
144.827,0.747341
162.946,-0.318418
118.431,0.832698
100.886,0.718436
18.0606,-0.887328
516.094,0.833929
38.7437,0.427112
26.8158,-0.727638
39.8804,-0.324124
167.43,0.977034
59.3808,-0.398144
138.688,0.461773
5.45404,0.161091
121.036,0.764083
137.768,-0.484424
75.072,0.0363102
25.7739,0.417816
105.884,-0.288058
436.787,0.843528
121.148,0.68774
219.114,-0.869946
30.8034,0.277334
101.425,-0.40496
112.486,0.795349
40.1939,-0.340926
232.627,0.14638
30.5993,0.624811
100.534,-0.851719
137.799,-0.737065
96.349,0.28252
69.1956,-0.00187452
128.419,0.590648
22.5317,-0.59758
531.932,0.980572
118.042,0.736637
55.571,-0.670901
47.2309,-0.672505
103.401,0.299731
69.4757,0.603893
84.4778,-0.896296
44.8008,0.0254603
215.863,0.94476
341.053,0.984415
226.921,0.470365
88.0633,0.657194
70.3222,-0.148167
135.558,-0.536809
392.256,0.960535
123.527,-0.27008
115.764,-0.994642
57.0331,-0.943838
33.5482,0.0158395
72.9486,0.808633
68.593,-0.346068
90.219,-0.647375
122.148,0.00272369
91.0583,0.968002
97.6108,0.114065
89.1823,-0.471936
192.231,-0.0505031
159.956,0.649094
219.139,-0.212989
59.9781,0.547358
169.524,-0.900589
41.036,0.853471
142.284,0.691849
171.726,-0.37141
64.743,0.460553
296.469,0.981991
176.343,0.788884
148.846,0.651683
59.4392,0.0746029
118.553,-0.603783
88.0261,-0.0131466
9.44063,0.111944
89.8664,-0.652239
77.938,-0.0926671
142.152,0.950812
4.66453,0.74583
140.598,-0.393371
41.9279,0.280777
25.5445,0.920941
35.6908,0.740241
36.6944,0.446835
336.445,0.700138
43.1292,-0.669828
122.142,0.741677
279.408,0.996076
3.64043,-0.585314
179.887,0.966694
271.302,0.930065
3.3252,0.501648
266.136,0.922066
188.354,0.973769
18.7527,-0.813675
21.8743,0.265331
44.3836,0.45864
240.297,0.548305
69.2337,-0.250501
214.603,0.203964
112.715,0.530323
42.5262,-0.586636
184.3,-0.685907
85.4556,0.756081
89.5121,-0.943334
106.435,0.289095
91.7716,-0.732917
219.35,0.802267
37.9965,-0.352326
286.379,0.901984
120.961,0.825872
195.655,0.9592
60.8594,0.577471
99.3841,-0.718397
19.2296,-0.561174
22.081,0.020914
219.089,0.249008
17.6351,-0.835407
37.1651,-0.805908
159.609,-0.446833
96.9888,0.636489
106.215,0.399294
183.677,0.244296
122.892,-0.435146
59.5621,-0.466326
10.0088,-0.715182
362.053,0.875481
25.3132,-0.31824
37.994,-0.50361
52.1116,0.132127
103.563,-0.232119
396.496,0.943697
27.0038,0.466928
353.307,0.763169
25.0845,-0.482983
93.4386,-0.625642
45.8183,-0.336526
78.2745,0.648799
152.897,0.316735
108.84,0.882309
89.0391,-0.426735
142.688,0.927502
138.425,-0.343146
162.343,0.807082
43.7003,-0.198402
400.441,0.727237
40.2559,0.353626
87.742,-0.427106
51.9354,-0.563898
85.9221,0.28613
61.7299,0.438525
178.49,0.57902
82.2311,0.913575
57.8732,0.461145
435.977,0.849698
93.3529,0.45571
50.6302,-0.647951
23.6128,0.873068
110.515,-0.569791
49.295,-0.222126
137.187,0.90254
18.8195,-0.296109
91.5865,0.869503
404.22,0.467392
58.4531,0.930287
109.618,-0.201345
108.242,0.816802
117.584,0.276293
135.742,0.439374
287.778,0.810862
150.44,0.798238
72.8642,-0.883391
31.0587,-0.826372
30.0043,-0.967308
157.813,-0.426615
113.833,-0.386883
73.512,-0.601069
136.301,0.561311
3.65446,0.648798
56.0661,0.880285
56.0475,-0.719838
702.587,0.997946
53.8385,0.723594
96.4818,0.55344
52.267,-0.831873
8.9634,0.199571
127.807,0.711017
85.6902,0.811384
61.1924,-0.735477
6.1116,-0.208004
24.7414,-0.881276
171.526,-0.821284
117.934,0.605602
56.998,0.118163
132.578,0.341912
8.10803,-0.0214893
165.484,0.997463
32.0857,0.825767
178.863,-0.837859
120.752,-0.743655
77.6346,-0.682215
163.639,0.826086
299.255,0.707069
417.146,0.82534
177.451,0.991849
34.7145,0.281897
89.5032,0.30597
104.855,0.924037
193.049,-0.268822
29.9787,0.650557
42.0873,-0.546983
80.6884,0.778381
50.56,-0.602533
110.16,0.564723
264.758,0.845144
77.4339,-0.939326
55.3423,-0.874752
145.737,0.233225
189.326,-0.788445
98.8115,-0.494207
128.947,-0.392616
31.4737,-0.785895
104.209,0.946133
23.1345,-0.98681
305.723,0.377465
204.996,0.896967
87.46,0.572421
9.58227,-0.0152194
159.913,-0.0972044
70.6836,0.837464
113.341,-0.728141
32.0303,0.317154
164.387,-0.359291
418.393,0.869685
121.607,-0.357718
90.4024,-0.980977
146.789,-0.849191
27.1074,0.749537
21.7986,-0.0947701
373.94,0.981528
145.023,0.163809
34.6826,0.430632
210.649,-0.390503
112.475,0.842087
44.6656,-0.866345
168.705,0.114093
316.194,0.84287
166.902,0.856269
103.031,0.615852
270.925,0.236176
136.686,0.454352
170.926,0.861591
224.92,0.770819
102.263,-0.387898
244.058,0.517138
100.947,-0.686648
146.244,-0.0309656
289.78,0.869862
75.4261,-0.597278
199.852,0.783355
388.04,0.803175
65.4589,-0.660037
39.7036,-0.866278
131.378,0.436047
6.90741,-0.673947
109.151,-0.781742
73.4983,0.506135
20.6846,-0.407842
88.1253,-0.259366
126.066,0.0293084
132.297,-0.744918
36.3104,0.871866
70.6343,-0.735167
46.9415,0.474912
334.843,0.638276
35.0632,0.0940963
474.358,0.989541
78.7243,0.15255
175.623,0.381337
144.646,0.947421
4.59912,-0.749427
383.459,0.997212
418.757,0.925018
132.465,0.837881
156.664,0.83208
96.5121,-0.105246
14.9153,-0.371882
21.8774,0.105725
361.218,0.90204
203.441,0.691757
349.739,0.896678
182.31,0.973825
75.5286,0.50698
13.9669,0.161687
9.04915,0.943944
90.9054,0.418536
324.037,0.526189
55.0147,-0.175401
233.21,0.683271
410.131,0.927099
6.47307,-0.973633
96.5924,0.964859
72.3314,-0.704514
156.366,-0.432399
88.7116,0.166514
94.3879,-0.599139
48.7588,0.721767
126.497,-0.492753
68.2942,0.895541
141.354,-0.371942
5.90066,-0.413268
217.851,-0.938713
104.383,-0.115476
98.1365,0.546948
88.8966,-0.746703
178.41,0.264745
137.578,0.765145
525.058,0.884836
66.6267,0.111072
86.6158,0.792593
468.64,0.769764
57.5614,-0.286048
106.255,0.972714
18.2758,-0.271408
150.36,0.0209739
59.3366,-0.489708
114.626,0.831914
64.0102,0.337509
61.8983,0.768406
75.9601,-0.880225
290.87,0.910055
123.954,0.968051
63.2231,-0.285448
112.411,-0.20031
5.99259,0.100971
92.8407,-0.812994
3.91934,-0.448019
390.315,0.953463
93.112,0.514987
61.9661,0.895529
71.1825,0.861621
85.3771,0.0763343
72.269,-0.306161
97.8065,0.999369
347.961,0.992488
119.052,0.847959
68.5106,-0.872964
314.789,0.779349
61.0553,0.938504
12.0705,0.491596
122.899,-0.876739
339.972,0.932551
17.2971,-0.241037
8.97291,0.992122
57.2499,-0.121227
192.121,0.399197
110.366,-0.0330243
76.7843,0.88944
121.406,-0.20964
54.7966,-0.554249
270.716,0.236488
86.5845,0.402781
164.179,0.748249
12.219,0.581712
52.214,0.322884
289.184,0.721881
40.9866,-0.504157
229.339,-0.788938
166.062,0.767873
37.5139,0.725263
95.6806,0.108104
83.8232,0.301914
45.1479,-0.428616
121.282,-0.280188
115.541,-0.551222
85.7405,-0.372675
88.9928,0.228954
12.2594,0.248446
116.607,0.638627
261.905,0.959418
59.8427,0.339872
34.5421,-0.311948
57.185,-0.477872
77.5978,0.92705
62.9595,-0.798409
213.359,0.341577
87.5318,0.617274
51.0577,0.557071
119.821,0.459616
193.816,0.0469678
35.2208,0.288778
239.165,0.415436
128.644,-0.870895
91.2334,0.0274954
5.92446,-0.946747
127.043,0.340183
343.026,0.823116
21.2102,0.195533
139.243,-0.0736411
128.495,0.498922
155.24,-0.81416
282.466,0.573669
18.8493,-0.255542
290.895,0.841404
115.822,0.316694
81.5438,0.647795
369.008,0.985562
149.373,-0.124774
121.687,-0.517125
52.0901,-0.502173
78.7236,0.277625
59.1349,-0.361964
15.716,-0.698711
36.5773,-0.955275
157.177,0.357803
57.6208,0.810765
80.2376,-0.833015
154.467,0.952952
338.995,0.945296
14.7768,0.127689
319.025,0.609097
100.364,-0.964197
76.9056,0.429132
6.52019,0.379755
354.286,0.344368
95.4888,0.673793
3.99155,0.751452
199.263,0.87473
358.058,0.974931
80.549,0.744887
224.308,0.745332
110.531,0.712177
109.973,-0.670079
115.551,0.429416
507.529,0.964402
69.5215,0.712128
168.819,0.790972
645.123,0.868058
16.6434,-0.326495
78.9814,-0.45734
203.45,-0.201361
29.9815,-0.127448
254.03,0.853021
65.6424,0.127812
98.6153,-0.207705
145.255,0.835437
37.9477,-0.580744
82.9859,-0.0230888
24.0998,-0.360712
78.4238,-0.524813
148.597,-0.215875
25.399,0.390816
212.795,-0.733232
61.9817,0.483807
286.202,0.999008
77.3376,-0.119622
121.201,0.872934
31.6149,-0.25942
62.8459,-0.521618
141.574,0.955854
72.1529,0.177024
46.9291,-0.881707
45.1822,0.608715
40.7553,0.331288
80.0381,0.274899
193.21,0.589483
137.232,0.840939
251.638,0.290205
25.7203,-0.648154
102.723,-0.611807
57.6496,0.740036
352.124,0.449387
160.959,0.708257
58.7056,-0.613741
240.557,0.789848
89.2734,0.424216
20.7645,-0.509577
51.1864,-0.81264
357.927,0.621689
324.083,0.834971
123.803,0.82904
262.516,0.980837
159.568,0.430781
71.1743,-0.584898
76.8146,-0.0822196
5.10999,0.251248
66.7961,0.561685
117.012,0.868263
139.536,0.0559135
94.218,-0.888676
57.0401,0.840222
32.6479,0.726472
16.9861,-0.136635
49.3888,0.291498
334.003,0.912552
13.9062,-0.736984
178.081,-0.386544
54.7997,0.157666
111.958,-0.499528
4.66387,0.972196
119.367,-0.635821
126.519,0.30721
172.763,0.313895
385.788,0.761228
46.9251,0.641931
290.863,0.930805
85.3361,0.923408
156.678,0.440148
44.6493,-0.859712
14.1135,-0.0207985
25.6206,0.324665
69.7193,0.250353
448.142,0.869774
80.3258,-0.839396
99.4192,-0.484438
101.385,-0.695778
226.519,0.768505
165.161,0.743822
194.43,-0.371392
287.373,0.442131
137.709,0.640359
29.7443,-0.82091
206.866,0.272638
64.9372,0.99447
4.07402,0.407121
68.6565,0.000976613
69.5302,0.338585
130.467,-0.872147
61.4076,0.442987
109.667,0.807927
268.061,0.811763
14.2244,-0.697102
375.849,0.48449
29.4475,0.442124
95.2597,0.0888809
51.5599,0.374234
190.73,0.546942
112.075,0.967233
68.1968,-0.874499
224.175,0.0091574
62.5793,-0.69518
81.5918,-0.847924
108.867,0.00789156
242.92,0.206913
72.4664,-0.368775
303.807,0.653536
63.1681,-0.925082
36.6992,0.0294141
250.358,0.620568
200.453,0.164086
37.703,0.632316
478.61,0.939974
117.876,-0.460784
66.8632,-0.570977
218.262,0.79015
270.693,0.706765
40.771,0.745892
181.124,0.883606
43.916,0.254668
460.992,0.809224
74.5422,0.987266
21.6675,0.079863
55.7091,-0.896636
62.6117,0.904557
77.0726,-0.850971
102.857,0.178381
81.8087,0.351134
93.0202,0.166632
70.0447,-0.197615
223.787,0.762425
67.196,-0.47231
63.764,-0.934596
39.6801,0.299435
9.6309,-0.022604
90.4965,0.285354
143.862,0.372442
86.947,-0.541687
315.259,0.945504
128.726,0.920441
66.3312,0.265599
170.277,0.743564
162.835,-0.0496169
63.3529,0.269683
228.148,0.165413
67.4281,-0.782632
99.2468,0.713432
348.535,0.906377
229.144,0.998555
89.6196,0.164648
74.8822,0.859995
28.1055,-0.847981
258.913,0.19582
503.508,0.838522
74.3932,0.990511
306.067,0.834134
59.101,0.341583
7.46637,-0.874111
121.909,0.0385213
106.306,0.646178
51.057,-0.740737
140.707,0.108504
263.359,0.0962265
38.5404,-0.342833
224.354,0.884939
256.531,0.377318
70.8672,0.990762
7.11718,-0.853428
126.914,-0.171322
134.949,-0.575587
95.8984,0.887146
113.402,0.385356
25.9283,0.0543229
450.314,0.978077
155.095,0.702487
287.205,0.175868
44.775,0.706965
12.1139,-0.0336057
57.5986,-0.33855
438.56,0.59428
82.9398,0.921086
105.866,0.747629
90.056,0.85539
307.434,0.665201
70.1867,0.168583
89.3169,-0.677467
28.7434,0.373375
207.239,0.30861
80.7082,0.957201
94.2451,0.909265
21.5069,0.450595
6.30812,0.0373519
22.8289,-0.218789
173.676,0.945931
69.7174,0.395034
85.1578,0.0436742
137.102,0.794236
288.976,-0.251447
30.6357,0.600076
51.9022,-0.692241
42.0026,-0.340689
161.19,-0.718187
283.867,0.388419
25.0853,-0.872107
146.486,-0.368523
56.3587,-0.163933
135.683,-0.926508
132.051,-0.519558
176.932,-0.233056
57.5895,-0.29432
90.5319,0.337495
110.811,-0.844939
59.104,0.347689
6.7948,-0.429618
47.7627,-0.97476
63.2134,0.272317
109.62,-0.963654
169.83,-0.771117
30.7116,0.828122
37.4455,-0.512496
129.02,0.0180278
70.0357,0.543958
114.817,0.259578
164.635,0.99446
88.8289,0.446588
44.4913,-0.23147
143.684,-0.308936
293.376,0.716718
143.768,-0.925208
58.7361,0.214898
68.8128,0.769613
116.842,-0.647165
26.6246,-0.297061
347.552,0.650188
94.0503,0.589117
63.1377,-0.819547
52.4337,-0.433996
203.416,0.82875
28.0556,-0.242335
6.407,0.498238
33.4016,-0.907665
183.122,0.154092
101.165,-0.433463
99.2752,0.968433
163.761,0.248718
3.24722,-0.436549
114.941,0.530775
114.566,0.949918
91.2498,-0.737444
57.237,0.138743
69.7121,0.52771
73.9584,-0.605659
56.8191,-0.981114
86.8522,0.695751
118.793,-0.431014
61.1137,0.947128
100.844,-0.599223
63.8867,0.873332
221.405,0.761255
227.88,0.484467
122.281,0.761818
79.7787,-0.591059
36.8982,-0.838728
165.972,0.838371
66.285,-0.0223217
108.4,0.720287
60.3039,0.920112
72.8446,-0.570027
71.7766,0.28659
103.674,-0.887704
249.536,0.982017
324.955,0.784891
261.373,0.775777
355.079,0.935848
3.51677,0.00742302
52.7398,-0.756919
106.165,0.798978
135.825,-0.0283624
60.5945,-0.277077
195.145,0.517638
19.1418,0.447367
3.88669,0.334607
8.73213,0.615862
24.0654,0.47906
3.89874,0.496057
120.5,0.277472
328.855,0.999294
174.331,0.826726
45.2438,-0.457461
133.202,-0.266146
175.132,0.995953
155.807,0.729585
403.389,0.722423
44.3648,-0.12585
279.787,0.578975
68.5947,0.547727
310.355,0.66482
25.6779,-0.00546293
204.093,0.653444
567.533,0.829846
94.1329,0.902236
36.1042,-0.673161
20.6743,0.0359417
17.7956,-0.956913
77.3272,0.65961
103.313,-0.139404
16.1122,-0.38686
103.232,-0.531507
122.294,-0.627023
41.8624,0.705274
16.8522,-0.670981
316.643,0.602989
83.4028,-0.787169
125.154,-0.116627
40.1774,-0.0363295
22.1755,-0.683512
351.891,0.566823
8.58697,0.514692
146.883,-0.754713
35.1264,0.492583
191.722,-0.481784
33.1516,-0.349282
31.2792,0.525098
517.325,0.983495
112.974,-0.56301
156.852,0.937837
354.216,0.900391
3.21539,-0.745877
61.5091,0.771356
161.556,0.606088
445.451,0.513298
69.4687,0.554055
189.271,0.915899
82.4139,-0.649895
56.0283,0.648702
86.9153,-0.555475
59.593,0.0162045
48.7355,0.804438
242.218,0.257282
107.707,0.728542
63.4961,0.355865
129.182,-0.938823
407.343,0.981802
118.526,0.874872
41.0381,-0.909909
409.954,0.9282
141.136,0.582613
326.706,0.848995
197.5,0.462558
585.053,0.967929
16.6212,0.19183
4.65459,0.831974
5.45289,-0.0578126
6.64164,0.00402553
119.437,0.101132
66.1549,-0.415818
354.409,0.983874
278.92,0.965377
316.5,0.891168
46.5415,-0.036126
68.5958,0.233157
75.6714,-0.0953827
180.824,0.480472
171.008,0.960503
69.1412,-0.529204
106.665,-0.755554
312.096,0.13069
46.6104,0.0942822
3.082,0.603919
141.793,0.0629549
139.866,-0.624624
185.985,0.995017
116.695,0.548764
49.7912,-0.236318
225.265,-0.996916
88.4316,-0.0896704
119.092,0.866026
101.37,0.538804
304.77,0.872584
81.0247,0.253447
351.919,0.990981
169.57,0.910823
157.792,-0.380733
58.9187,-0.286437
113.649,-0.938895
163.129,-0.782337
139.464,-0.0300514
164.603,0.295199
93.1185,-0.862518
90.9329,-0.651726
67.7241,0.925787
76.1656,-0.250623
265.421,0.865356
241.473,0.878379
184.836,-0.410522
92.8307,0.225212
62.7505,0.0739765
138.139,-0.328901
78.3141,0.911828
66.9509,-0.395554
36.7995,0.215612
36.0175,-0.415059
190.424,0.0175781
96.338,-0.67116
90.132,-0.444621
47.6548,-0.77315
37.1329,-0.0990709
90.3052,0.632183
54.4388,0.12624
165.402,-0.305751
97.1351,-0.480637
121.283,-0.82633
4.9946,0.176712
12.387,0.615092
107.693,0.277641
22.991,-0.959334
224.92,0.27256
75.3783,-0.31441
91.4532,-0.745146
64.525,0.865537
64.9982,-0.907406
227.587,0.874585
118.414,0.234501
31.7837,0.403702
231.089,0.696982
113.832,0.98737
57.0697,0.216455
102.181,0.667096
158.64,0.171742
235.797,0.754439
88.7258,-0.764821
98.7411,-0.355736
56.8275,0.952503
108.304,-0.127787
51.6777,-0.200946
58.5867,0.824225
86.793,-0.610242
42.35,-0.275711
137.232,0.881454
159.817,-0.301329
484.532,0.885896
57.992,0.90399
12.347,0.171721
34.0661,0.427301
226.474,0.537265
28.3896,-0.877899
147.892,0.954001
208.565,0.476996
109,0.893793
183.794,0.727434
232.468,0.675736
259.633,0.732336
66.3637,0.804383
203.521,-0.396415
58.9417,0.301478
219.47,-0.169191
117.581,0.624628
88.0017,0.362091
254.239,0.953009
41.0725,0.281639
103.097,0.928503
145.265,0.832591
119.829,0.764413
315.852,0.504097
37.9583,-0.740085
204.25,0.585319
30.8432,0.417086
98.7524,-0.402258
116.676,-0.172002
130.17,0.962849
130.369,0.406036
48.4148,-0.375039
13.2975,0.0507644
67.9133,-0.561924
125.931,0.700706
199.167,-0.771664
29.1514,0.12886
5.00614,0.0310716
41.3464,-0.861097
36.8396,-0.626917
47.965,0.735402
521.179,0.786412
496.901,0.990051
89.4778,0.0862289
63.4582,0.440205
125.516,0.979854
347.596,0.835519
152.782,0.251175
8.78272,-0.195571
71.6706,-0.17201
266.313,0.637242
76.1249,0.86158
26.151,-0.498205
13.0916,-0.799399
372.982,0.652603
79.5961,0.407138
43.3899,0.568408
139.835,0.889503
116.32,0.707448
127.503,-0.276408
63.8549,0.982947
5.11552,0.33682
103.642,0.733
74.3023,0.855221
135.971,0.832074
109.677,0.00730703
200.459,-0.290166
44.2038,0.834118
40.5077,-0.730633
122.198,0.969822
126.084,0.934108
168.28,0.34203
124.981,-0.218559
143.777,0.917798
145.719,0.00286518
330.438,0.839449
205.447,0.988442
120.303,0.756103
38.5317,-0.901016
69.7508,-0.392112
125.12,-0.448787
9.97189,0.225491
93.8694,0.834532
610.368,0.938311
39.1204,0.820192
144.069,-0.332863
58.2091,0.121945
165.071,0.552465
173.872,0.822393
186.594,0.598514
5.03324,-0.741178
59.3288,-0.367486
178.597,0.661326
5.41797,0.583446
117.561,0.270375
535.623,0.924268
56.4937,0.455011
101.089,0.345161
67.9912,0.23068
24.1941,-0.13604
86.6054,0.983043
137.958,0.370148
169.65,0.867198
199.269,0.878772
84.3698,0.629929
102.424,0.695997
69.8875,0.447281
371.121,0.605538
59.2395,0.97648
122.999,0.658111
29.2677,-0.967051
72.7209,-0.427839
92.203,0.983337
70.3048,-0.267761
80.6948,0.913819
40.3213,0.639302
287.644,0.522724
48.0291,0.471668
38.316,0.76239
304.481,0.326273
69.0362,-0.556722
114.697,-0.726226
132.941,0.805791
196.359,0.21257
41.8342,0.144451
336.246,0.781468
20.5089,0.515598
200.416,0.788919
81.2981,-0.152106
140.23,-0.962929
66.0253,0.332543
11.9262,0.43132
100.29,0.0792103
155.924,-0.891909
7.51284,0.737981
463.612,0.62966
168.742,0.615563
235.448,0.65655
186.647,-0.624832
107.261,-0.549972
244.767,0.989802
115.693,0.768012
289.392,0.302986
51.9588,0.174981
65.4948,0.385686
57.8797,-0.837717
117.178,-0.207313
37.6104,-0.888237
123.199,0.445726
152.398,0.650707
63.1005,-0.200994
44.9587,-0.599019
110.715,0.533502
130.137,-0.536711
74.9534,0.739424
381.245,0.886666
327.12,0.974245
184.133,0.47606
137.907,-0.367888
110.109,-0.737903
74.8607,0.476671
392.935,0.909711
142.928,-0.883321
82.9463,-0.0575047
54.9122,0.0488842
13.7343,-0.536259
90.4222,0.924922
77.2035,-0.862618
112.272,0.633248
41.9489,-0.852577
38.7045,0.0460406
67.5919,0.461722
76.7264,0.425803
73.9968,-0.940967
6.91187,0.6699
67.976,-0.768506
30.5024,-0.769061
4.31036,0.712348
91.8337,0.613894
61.6153,-0.0608844
173.899,0.0919468
53.9108,0.963769
183.348,0.204259
8.74674,0.00782421
126.511,-0.0837775
70.5443,-0.00401142
239.767,0.780846
48.7526,0.131178
69.788,0.360657
70.5742,-0.349776
3.76454,0.932048
57.8035,0.362488
69.7022,-0.403242
74.9318,-0.306116
8.10572,-0.0494441
4.94437,0.0613796
15.9527,0.753175
102.821,-0.671668
122.144,0.25135
48.1399,-0.711994
60.8156,0.186428
169.872,-0.568816
75.1415,-0.546077
3.67153,0.706888
233.643,0.760348
165.01,0.847508
49.3528,0.518538
105.609,0.130072
49.7246,0.63646
52.7231,0.677262
332.792,0.754234
56.7115,-0.470845
193.644,0.609613
83.5553,-0.332479
99.9611,-0.33752
7.53087,-0.848551
23.3048,-0.512095
44.7669,-0.97475
109.062,0.469443
33.1176,-0.749477
170.505,0.52421
59.47,0.884287
133.995,0.888348
292.252,0.914227
56.9133,0.699974
184.034,0.799274
56.0646,0.372075
117.131,0.675421
53.7238,-0.379084
108.729,0.650265
132.624,-0.0432635
65.1753,0.0555557
34.7149,0.876722
5.33425,0.706927
61.3933,0.93662
205.838,0.579215
291.473,0.757967
104.899,0.0944476
23.2314,-0.0180165
62.1735,0.283093
147.469,0.396617
169.87,0.303414
283.992,0.889769
509.421,0.974155
199.399,0.484766
4.90178,0.350133
10.9906,0.197332
271.187,0.744034
235.454,0.928122
25.1647,-0.809158
113.994,-0.260263
73.3546,0.903685
211.628,0.736178
85.521,-0.598156
127.677,0.628061
180.359,0.281806
163.456,0.824735
109.694,-0.445477
23.6731,0.99552
64.4648,-0.152856
38.3133,-0.465905
85.976,0.754996
88.7328,-0.83311
76.8957,0.570783
255.855,0.0360405
73.6821,0.870518
77.2347,0.156683
133.27,0.485837
131.744,-0.975897
82.1466,0.533654
202.72,0.864971
56.6718,0.472666
17.3641,-0.092365
155.08,0.00522698
60.5562,-0.662446
106.621,0.424214
81.5565,0.770088
410.263,0.941289
101.25,0.028762
37.7193,-0.516316
106.839,0.938971
244.259,0.655975
116.097,-0.56971
54.6647,-0.472883
99.3841,0.31894
91.3832,0.380421
138.975,0.670571
101.751,-0.363607
95.5847,-0.249644
58.155,-0.742416
81.0299,0.68546
161.456,0.878394
107.335,-0.915724
121.278,-0.836257
89.2681,0.256128
27.6495,-0.764216
7.86035,0.151816
36.1983,-0.991367
66.2815,0.395516
84.1582,0.883924
470.592,0.879622
13.5487,0.374914
76.7996,0.997345
116.34,-0.0265587
71.4512,0.987445
38.8076,0.332321
67.484,-0.530858
86.8954,-0.714115
92.9675,0.207931
85.1569,-0.364643
52.7104,-0.39695
89.3835,0.288465
162.219,0.552334
49.5855,-0.896645
21.7781,-0.828263
29.2614,-0.920602
148.91,0.910599
145.618,-0.967105
11.7821,0.198026
240.247,0.782307
351.595,0.746059
26.6957,-0.441192
141.046,0.762917
3.13263,-0.276129
180.127,0.91398
135.074,0.83253
70.4702,-0.808065
6.22247,-0.462973
229.51,0.908444
82.6869,-0.535227
64.954,0.838864
133.133,0.118507
164.411,-0.797633
66.4406,-0.777498
129.532,-0.660521
51.7707,-0.678111
170.704,0.511963
86.9857,-0.24163
250.054,0.416383
321.578,0.71983
43.5015,-0.232072
160.417,-0.675833
97.6963,-0.499389
69.0843,0.741621
109.986,-0.271609
46.2493,0.441196
64.4742,-0.94053
87.1112,0.611822
201.047,-0.388918
282.444,0.989021
211.977,0.829026
135.862,-0.418589
59.8486,0.46952
70.559,-0.290897
133.2,-0.835754
152.283,-0.348307
53.2844,0.700697
478.343,0.995726
64.3315,0.69252
189.43,0.753511
81.6615,-0.124659
56.1969,-0.038968
55.3408,-0.185146
54.2639,0.327292
67.7884,-0.0728432
70.4787,-0.354669
77.5854,-0.717907
61.4419,0.550298
145.305,0.453784
58.228,-0.943616
89.8563,0.574703
147.308,-0.551042
54.606,0.197687
448.74,0.966759
57.2522,0.518454
64.8828,-0.651369
102.439,0.889758
316.042,0.956478
250.435,0.984343
68.4272,0.551146
43.4327,-0.575078
166.776,0.82006
93.6994,-0.770522
79.3518,0.305014
4.87553,0.172802
88.6587,0.902716
85.4536,0.181852
82.3256,-0.92489
72.1487,-0.373287
51.3132,-0.694808
19.4008,-0.916359
44.6611,-0.751536
231.545,-0.536348
130.005,-0.532974
58.4875,0.864373
67.7704,0.842393
33.1633,0.70559
104.249,-0.593837
108.235,-0.763463
6.45874,0.960711
28.557,-0.977023
70.6367,0.408978
98.8077,-0.0344509
285.158,0.86467
126.206,0.776447
116.549,0.118973
319.014,0.920941
204.292,0.59354
66.3612,0.721305
155.16,0.993258
95.3079,0.515707
334.875,0.96481
76.2438,0.49409
21.8359,-0.944934
210.014,-0.931795
95.2505,-0.338603
83.7556,-0.34143
46.1027,0.251246
144.213,0.879508
61.2129,0.423048
111.475,0.090231
42.8184,-0.10367
13.1607,0.965235
14.6682,-0.903376
15.0144,0.457154
119.083,0.0940598
121.407,0.74568
161.825,0.751052
149.838,0.887932
4.64716,0.747351
215.334,0.756585
97.5914,-0.406292
59.2333,0.921672
79.9196,0.486632
285.177,0.506406
213.557,-0.236962
118.636,0.575009
188.276,0.119038
79.7992,-0.306974
114.23,0.913597
99.7673,0.247008
85.6638,0.670393
79.2749,0.282945
80.6681,0.467773
104.998,0.973418
53.8334,-0.648784
113.15,-0.246589
95.2773,0.113803
127.852,0.947814
126.53,-0.99562
83.3494,-0.645905
34.5065,-0.684671
59.5728,0.182314
318.745,0.999172
140.64,0.771959
84.1815,-0.286703
95.7086,0.981698
151.499,-0.854132
293.294,0.761178
223.286,0.854456
46.8977,-0.873796
40.6741,-0.102502
53.5542,-0.744091
58.9445,-0.00379353
28.081,-0.981956
49.142,-0.505879
106.363,0.982429
171.298,0.509681
121.537,-0.0347156
59.1591,-0.183369
29.5867,-0.325347
15.585,0.724361
188.843,-0.870919
82.4472,-0.164503
79.3369,0.763805
111.775,0.598179
41.3913,0.713417
321.883,0.528816
95.5947,0.742073
465.163,0.996385
28.5491,0.267127
221.567,0.920441
27.8801,0.23994
244.291,-0.432991
141.599,0.584463
110.307,-0.068963
83.159,-0.303383
114.879,0.606252
103.816,-0.314724
9.81964,-0.269353
171.664,0.00833314
60.5218,-0.00027512
15.8719,0.809084
366.604,0.98552
511.953,0.946206
56.8045,0.869247
152.19,-0.643282
46.8205,0.860313
70.6767,-0.845254
259.467,0.669523
125.953,0.762085
194.379,0.536563
67.5374,0.961194
219.961,0.32349
67.7008,-0.71683
120.123,0.898169
219.708,0.889454
101.94,0.702626
155.1,0.871728
48.6464,-0.383435
18.0919,0.349627
65.9251,-0.266458
89.1798,0.834746
184.835,-0.0930201
20.7217,-0.97459
138.645,0.247442
60.8503,-0.330527
153.335,0.959925
351.575,0.420377
84.2614,-0.250371
333.277,0.476753
43.7374,0.251144
108.507,-0.582366
183.391,-0.309012
135.081,0.51495
208.491,0.556905
195.986,0.953995
76.3676,-0.717197
85.001,-0.689871
30.545,-0.0368619
490.501,0.868051
57.6789,0.0284477
112.026,0.917366
202.669,-0.714316
236.856,0.793569
289.3,0.99121
156.612,0.854741
271.199,0.966436
46.2164,0.874728
154.025,-0.185488
38.3533,-0.660505
53.4484,0.384364
54.0032,0.646644
100.988,-0.404646
64.2387,0.0931567
73.6197,-0.179721
8.01917,-0.2428
5.1787,0.793661
5.72197,0.565352
82.3782,0.766645
120.961,0.606464
617.719,0.924881
315.32,0.758092
57.2486,0.848842
52.5951,0.974908
183.818,0.132647
203.363,0.518158
239.889,0.868145
127.036,-0.785105
203.567,-0.523871
128.624,0.910575
116.182,0.73605
87.5238,-0.160947
153.42,-0.75453
32.8762,0.223051
33.8039,0.876632
142.072,-0.760849
46.2469,-0.244984
142.576,-0.676679
327.594,0.901053
202.113,0.824523
29.5926,0.374917
45.106,-0.784809
45.8303,-0.992943
124.44,-0.280434
119.437,0.397849
207.483,0.522148
237.612,0.739466
54.7466,-0.350574
140.501,-0.971107
70.5051,0.848759
461.437,0.943838
67.4364,0.762881
51.7023,0.598516
115.258,-0.664389
171.966,-0.825132
87.9272,0.00783152
62.6097,-0.2922
530.106,0.844639
47.1897,0.543149
148.479,0.391966
59.4411,-0.587174
81.8408,-0.0988187
93.1531,-0.0386733
7.79504,0.24849
143.07,-0.101528
64.3493,-0.168359
173.186,-0.2409
73.3981,0.0784023
212.693,0.506107
164.21,0.930699
200.264,-0.378549
23.7386,0.596809
398.345,0.880198
318.31,0.931788
104.477,0.752545
145.323,0.888081
56.0462,-0.0297056
188.457,-0.0524916
114.931,0.253648
71.7738,-0.155199
121.53,-0.826464
90.8958,-0.0991691
80.3583,0.649157
45.0098,0.600653
208.578,-0.603911
48.0916,0.965863
89.9413,-0.718732
32.2602,0.427165
123.442,0.753416
70.6163,-0.658429
66.2358,0.705429
174.16,0.831304
13.0073,0.0283455
26.7393,-0.611326
178.488,0.329534
7.10387,-0.933319
35.871,0.841146
42.9539,-0.472699
46.0477,-0.369579
107.56,0.456861
269.569,0.862083
137.519,0.322546
150.878,0.588693
73.1249,0.973259
74.0326,-0.601832
339.367,0.695071
332.614,0.902659
68.7861,0.131369
82.6873,0.708308
92.8482,0.351261
51.377,-0.819355
115.232,0.322762
287.593,0.926506
130.331,0.858784
215.746,0.146596
60.5902,-0.648159
84.7554,0.955392
474.643,0.882623
109.772,0.976679
272.991,0.677943
194.239,0.854932
131.475,0.662173
416.23,0.735648
155.039,0.971705
128.396,0.286717
98.4644,-0.366882
76.1211,0.62087
296.01,0.796716
98.0034,-0.821471
49.6672,0.893173
148.89,0.292478
93.4586,0.785863
111.835,-0.937698
109.445,-0.534689
72.7674,0.109893
82.6669,-0.342545
38.5591,0.718951
368.997,0.879124
39.2583,0.74934
200.245,-0.205326
32.4304,0.623831
193.713,-0.566726
53.3304,-0.886574
90.1169,0.915313
51.203,0.979297
286.924,0.659486
60.9674,0.752734
56.9384,-0.239687
125.627,-0.368385
120.824,-0.482367
135.057,0.348038
212.541,0.722637
138.332,0.684817
155.328,0.357406
196.237,0.34489
75.796,-0.440434
112.79,0.768797
35.7905,0.486516
163.518,-0.496811
53.7565,-0.575807
140.137,0.190887
88.2288,-0.510002
99.4382,-0.565
52.9176,0.458754
130.415,-0.853685
104.354,0.919118
440.426,0.866855
30.1885,-0.734964
140.717,-0.95429
410.545,0.898255
126.75,0.537393
119.403,-0.668739
203.983,0.435862
69.6983,0.991997
100.988,0.854961
36.5249,0.752586
102.066,-0.676847
10.3921,0.577113
218.79,0.843318
85.6659,0.428892
11.0909,-0.687932
70.358,-0.856558
57.6239,-0.855809
112.302,0.820236
204.013,0.819687
182.407,0.466462
354.78,0.947767
186.004,0.976505
112.874,-0.569523
145.895,-0.316728
70.065,-0.721498
62.8569,0.424277
4.11278,0.711165
79.6206,0.624154
91.1297,0.102939
57.6031,-0.654569
174.112,-0.640257
179.032,0.0411805
57.0846,-0.562084
156.125,0.957066
32.9635,-0.902301
181.782,0.105085
99.9169,-0.670816
113.794,0.0618366
129.107,-0.465773
337.567,0.812792
550.887,0.994227
14.7949,-0.011325
155.57,-0.848209
107.047,-0.329968
86.0851,-0.615406
231.374,0.703827
219.578,0.612035
88.733,0.175537
343.311,0.838348
15.9129,-0.283476
72.6971,-0.762217
285.398,0.217866
15.6996,0.138852
144.325,-0.759699
160.257,0.813506
204.751,0.756276
55.2255,0.0290103
68.7844,-0.550579
140.203,-0.347368
104.865,-0.311964
86.4638,0.0840113
127.32,-0.765518
88.3195,-0.648709
409.86,0.961618
130.092,0.727236
133.264,0.300794
150.576,-0.127745
56.7517,0.297845
87.1897,-0.40369
68.2766,0.470544
161.172,-0.954368
51.5006,-0.107606
307.282,0.875244
78.6623,0.809472
330.991,0.769577
90.9006,-0.12873
63.9467,0.692962
38.0263,-0.465284
22.0243,0.363286
94.734,0.938148
49.0294,0.707149
37.3194,0.954643
263.544,0.968244
113.037,0.658431
115.582,0.0272239
40.9408,-0.694566
78.8232,-0.82089
100.716,0.682098
60.9545,0.930028
435.606,0.93017
42.7297,0.171466
4.79608,0.433139
203.508,0.863372
34.1279,-0.600852
29.606,-0.981861
116.043,0.790727
238.065,0.85822
30.1263,-0.275219
62.7459,0.468998
86.0545,-0.77225
84.4207,-0.210807
143.007,0.869185
73.7942,0.161802
78.7055,0.394489
22.8325,-0.888146
250.15,0.510978
57.6737,0.980748
47.0356,-0.935504
34.2933,0.112992
152.538,0.579843
70.6479,0.474368
99.8204,0.207297
55.008,-0.212727
3.22045,-0.570638
44.3164,-0.744742
211.9,0.795616
138.341,0.110483
355.803,0.989714
43.6272,0.279682
92.2635,-0.578207
52.8387,0.179381
201.371,-0.94331
203.219,0.878115
68.1894,0.628808
78.1956,-0.342577
81.965,-0.566668
76.2399,-0.55935
61.6185,0.580766
12.0469,0.804845
110.982,0.687668
32.3702,-0.119211
14.6129,0.779977
55.8561,0.961496
226.317,0.39445
73.3064,0.693038
140.472,-0.900161
114.127,-0.671961
289.714,0.614394
24.5627,0.116071
37.853,0.587753
385.291,0.708811
51.8757,0.967595
35.9237,-0.241348
144.533,0.923371
46.4372,-0.014971
164.526,-0.136698
287.082,-0.95133
105.305,-0.759179
314.95,0.676915
71.4293,0.320489
240.094,0.417646
37.1197,0.889576
151.091,-0.179495
93.2748,0.809418
197.947,0.863488
277.277,0.966669
196.538,-0.704197
32.9262,0.78798
59.2993,-0.83727
77.865,0.873167
99.9259,-0.020924
77.4334,-0.457007
58.4082,0.308591
98.8148,-0.11936
231.486,0.554141
77.8489,0.310345
42.7078,-0.842589
255.898,-0.327192
129.855,0.0403808
96.2745,-0.380212
21.189,-0.242753
4.50582,0.881874
185.932,0.909604
11.544,0.562183
223.353,0.9937
78.5119,0.506778
212.843,0.964987
193.907,0.902833
118.821,0.836698
160.673,0.876972
138.147,-0.0288543
67.5933,0.565018
69.7991,-0.933394
129.743,-0.340765
36.9159,0.151946
64.6715,-0.612996
108.525,-0.501741
344.327,0.866424
184.538,0.955589
83.1799,0.599536
438.664,0.96989
65.6163,0.221378
39.5052,-0.92321
196.135,0.455054
72.3196,0.419614
89.9544,-0.931283
39.4449,-0.917555
171.273,-0.65931
74.4552,0.572884
83.6694,0.461645
28.9032,-0.269482
187.912,-0.0443175
117.798,-0.821591
138.497,0.603453
189.781,0.0523792
79.0419,-0.446781
152.86,-0.682306
106.938,0.753912
320.682,0.996349
85.6896,0.101574
169.712,0.932253
97.1904,-0.481314
251.395,0.914846
252.325,0.893647
99.5576,0.298845
59.1824,0.165112
139.566,0.710967
65.9212,0.550247
88.7057,0.74545
5.76548,-0.832973
48.2482,0.29808
57.3387,0.851025
114.156,-0.183988
23.8812,0.792308
88.2964,-0.79476
116.97,-0.404699
31.9387,0.327004
106.263,-0.898501
143.986,-0.521964
406.505,0.904857
164.576,0.68164
111.437,-0.349444
318.983,0.904915
72.7559,0.350233
378.263,0.921722
46.3238,-0.897595
177.851,0.735583
282.288,0.987909
210.548,0.680004
52.4451,-0.19561
381.531,0.630572
5.33798,-0.580161
82.0591,-0.650469
35.3757,-0.887468
56.5633,-0.999619
144.334,0.979699
472.437,0.905126
13.9699,-0.606723
171.26,0.45391
75.6087,0.194586
44.1314,0.956166
106.638,-0.82532
34.9209,-0.351851
132.504,0.555874
121.979,-0.503918
134.45,-0.854695
105.961,-0.923817
102.781,0.748751
81.8133,-0.0384492
361.841,0.998442
171.043,0.86637
174.023,0.718418
388.345,0.594033
140.225,0.841957
353.14,0.913868
240.219,0.735323
37.0476,-0.937311
231.684,0.905411
91.3347,-0.293449
96.3091,0.592212
78.372,-0.840106
108.085,-0.414902
302.238,0.795122
159.386,0.336208
110.603,0.171567
79.0101,0.318914
157.66,0.840437
214.568,0.982164
147.485,0.750217
38.8681,-0.664225
117.665,-0.0163298
50.8682,-0.339696
247.956,0.349183
47.8722,0.696276
42.8618,-0.895126
153.684,0.484931
73.0752,-0.385339
173.121,-0.504744
346.923,0.919431
77.2949,0.363742
122.676,-0.147736
138.68,0.930093
396.276,0.972685
85.7497,0.00868742
201.378,0.642522
37.4167,0.896205
380.744,0.651909
27.501,-0.335354
58.7858,0.566716
309.191,0.977219
69.8685,0.900155
469.314,0.624101
82.4017,-0.255467
98.5377,0.458213
77.5789,0.845961
409.123,0.906468
330.977,0.697343
178.411,0.607328
363.404,0.9164
69.0143,0.992562
120.424,0.990825
368.979,0.757487
239.366,-0.319814
14.5971,0.818352
12.8399,0.0866702
465.137,0.924936
57.1762,0.584411
58.1128,-0.804953
474.42,0.827052
324.778,0.861039
306.778,0.490831
37.6089,0.548612
117.123,-0.393507
129.825,0.4975
49.9382,0.522411
63.6718,0.659233
44.8767,0.676494
124.69,-0.496497
35.2065,0.680333
34.764,0.602543
67.2469,-0.382984
123.039,0.995936
203.144,0.580678
190.476,0.500688
128.122,0.623063
10.9442,-0.828404
109.258,-0.483841
30.1084,0.0823879
211.71,0.243931
85.0398,0.301259
39.9803,-0.56413
28.6109,0.558474
8.6336,0.10722
389.698,0.986718
141.755,0.910967
70.206,0.481544
7.10183,-0.451519
218.213,0.366068
93.4435,0.297227
168.976,0.640072
95.9781,-0.35611
29.2402,-0.661387
60.5072,-0.879394
23.9513,0.620319
36.5206,0.754
194.264,0.757862
128.803,-0.365387
88.567,-0.792252
138.638,-0.90488
194.035,0.639701
9.56901,-0.340204
66.4348,0.820454
170.131,0.559809
40.169,0.102201
32.1184,-0.238227
314.109,0.425072
132.479,0.511646
151.625,0.942188
65.4044,-0.868748
213.319,-0.68126
6.31503,0.477711
37.9156,0.437002
160.593,-0.795817
55.262,-0.503852
38.7451,0.728383
177.562,-0.117694
75.3403,0.391989
73.4263,-0.910984
113.587,0.591815
220.022,0.651972
104.435,0.875647
366.356,0.954105
102.614,-0.0464446
59.6079,-0.647401
236.056,-0.345532
26.5169,-0.110782
436.897,0.895463
166.791,0.68278
240.968,0.228335
68.5348,0.248017
88.1631,-0.142546
419.618,0.883304
59.2887,0.834815
100.863,-0.79236
73.681,-0.239946
48.5231,0.939142
15.7653,0.274167
86.3025,-0.0120852
66.9009,-0.0317427
157.261,-0.63681
388.993,0.961291
48.9556,0.349968
159.794,0.852748
243.584,0.959417
18.6716,0.779457
373.972,0.962532
55.9646,0.248701
44.3542,-0.718765
103.236,0.899544
277.567,0.653893
140.732,0.893184
156.329,0.526948
215.875,0.601395
144.23,0.875215
56.0809,0.43553
94.4614,0.311562
3.19547,-0.624374
89.3969,0.834949
183.972,0.858547
81.6806,-0.995522
124.745,-0.455923
51.4139,-0.220033
117.227,-0.832209
161.515,0.795484
11.962,-0.292596
336.704,0.985128
304.932,0.878097
92.9293,-0.835396
110.968,0.335002
51.3582,-0.944424
120.001,0.0804424
69.2955,0.825884
131.046,-0.330917
15.8608,-0.210676
238.963,0.674592
117.689,0.31936
63.1389,-0.597158
30.3798,0.35429
297.38,0.901965
135.817,0.999819
9.20315,0.124927
232.774,0.926223
137.215,0.0304598
65.8486,0.694544
20.54,-0.135756
80.688,-0.36174
86.9177,-0.515121
4.09978,-0.39487
34.0673,-0.700864
167.906,0.708621
128.52,0.866854
13.8107,-0.903343
77.2609,-0.656226
62.701,0.512844
134.182,0.621146
48.5635,0.251925
98.6398,0.701694
297.047,0.918901
33.9071,0.163562
58.0509,-0.657605
178.07,0.636311
12.4068,-0.280853
113.154,0.504491
156.75,-0.847872
45.3971,-0.0376866
235.517,0.977709
195.196,0.909014
103.594,0.226582
114.381,-0.420291
71.2574,0.558891
37.7021,-0.627323
125.49,-0.153712
37.6389,-0.0157319
76.9335,-0.780517
187.129,0.652686
68.4821,0.85553
109.449,-0.0804757
100.584,-0.305518
90.5115,-0.263158
12.0005,-0.238368
242.339,0.552319
80.6981,0.422995
116.366,-0.273339
232.218,0.664581
81.4022,0.755077
565.375,0.954598
3.38936,-0.625209
70.7657,0.703037
84.6709,0.0734072
125.691,0.92685
117.449,0.673666
42.7787,-0.259206
117.113,-0.233541
69.4558,-0.671766
467.947,0.996519
315.004,0.961477
72.0728,-0.613295
5.9805,0.324301
90.962,-0.466698
168.165,0.985588
334.486,0.807156
227.387,0.970152
358.467,0.957517
310.957,0.505641
27.4279,-0.855702
116.521,0.537442
463.838,0.911647
104.035,0.74977
229.642,0.905798
26.9506,0.389923
476.904,0.942446
33.2536,-0.978886
41.777,-0.210945
192.555,0.995429
49.6779,0.989603
106.758,-0.703203
47.2054,0.270257
52.0909,0.230472
117.559,-0.81422
19.6349,0.339316
9.02062,0.467606
65.855,0.594541
97.5348,0.47977
145.448,0.529537
39.3842,-0.893111
188.787,-0.598234
119.062,0.74309
186.602,0.752944
37.6,0.702119
20.3605,0.452884
61.1438,-0.312615
159.989,-0.966031
82.237,0.266997
220.68,0.754615
305.776,0.976693
281.147,0.963762
100.141,0.356019
124.628,0.651491
251.067,0.649526
27.0773,0.533369
73.1014,-0.327447
67.9045,-0.968384
5.32501,0.853813
115.958,-0.56559
61.9755,0.902781
75.8829,-0.69685
24.7068,-0.931476
24.0924,0.529976
74.2777,-0.213221
72.7805,0.852924
59.0707,-0.97495
224.056,0.813381
38.352,-0.613364
13.9138,-0.338383
104.027,-0.429104
29.5056,-0.975495
152.018,0.725551
35.6826,0.680753
90.6163,-0.908051
96.5745,-0.325337
39.1151,-0.540398
86.4555,0.259229
641.855,0.97122
114.683,0.740141
256.829,0.654691
181.386,0.909847
88.1723,0.0337325
436.468,0.989083
26.0073,0.298148
111.819,-0.43285
67.9622,0.692316
36.8565,0.939134
143.743,-0.907115
13.5417,-0.527468
418.315,0.994975
6.58115,0.0593231
72.7217,0.338713
258.327,0.64324
31.6521,0.556527
326.744,0.792568
310.328,0.966485
30.6069,0.633027
248.595,0.985182
101.752,0.724412
91.5456,-0.730303
99.827,0.310164
254.614,0.46829
68.2304,-0.218817
69.3388,-0.143813
35.5875,-0.249466
181.251,0.261206
76.3526,-0.762172
5.61659,0.0770008
343.434,0.584289
4.94995,-0.920948
47.7087,0.949052
11.3223,-0.015738
49.2067,0.188113
108.101,-0.791537
5.97303,-0.587171
280.738,0.708714
4.97691,0.620006
265.836,0.592236
3.00053,-0.0711729
40.2444,0.463041
91.8899,0.242651
194.052,0.0628335
96.1298,0.972029
613.13,0.781517
124.418,-0.211167
40.5323,0.042349
39.8849,0.0301221
56.5106,-0.505017
310.378,0.439689
37.1077,0.436842
358.091,0.89562
70.7907,0.426577
247.806,0.862078
56.4257,0.765561
144.595,0.626009
130.008,0.134721
9.24335,0.305049
107.7,0.421302
13.0426,0.297854
192.135,0.600878
143.713,-0.269261
28.9838,0.467719
173.586,-0.429795
143.866,-0.396947
38.3901,-0.000889856
185.747,-0.133538
31.9602,-0.443498
84.1195,-0.353729
25.5699,-0.093926
234.421,0.790863
118.29,-0.353321
85.2885,-0.861917
54.815,0.234311
6.28342,0.560316
106.328,0.847523
87.1464,-0.430519
104.886,0.621118
62.9192,-0.495438
86.7921,-0.869388
76.2648,0.665731
34.6173,-0.913142
71.8294,-0.513122
30.8066,0.381526
211.845,0.437553
430.7,0.302494
21.2242,-0.521408
80.908,-0.205897
66.768,-0.561338
44.5395,-0.117372
172.17,0.894615
87.6757,-0.371482
111.584,0.778506
64.484,0.126303
117.163,-0.948123
40.317,-0.728001
34.2562,-0.459667
183.096,-0.490822
126.829,0.690224
315.477,0.691809
353.342,0.410374
43.7438,-0.383213
324.235,0.995073
223.415,0.85163
4.19293,-0.526316
208.946,0.206406
164.285,-0.568626
30.7075,-0.408518
78.9856,0.466633
99.9081,-0.952005
175.285,0.773309
16.3767,-0.511356
87.477,0.986221
44.3526,0.491711
481.656,0.902216
152.951,-0.556045
42.9687,0.746761
152.079,0.38741
226.385,0.777194
184.749,-0.573996
