1.67225,0.227592
1.69832,-0.409899
1.72088,-0.979674
1.71483,-0.899498
1.66307,-0.814184
1.68815,0.508124
1.77649,0.366141
1.76001,0.106243
1.80966,0.4745
1.69483,0.956411
1.67254,-0.59052
1.80537,0.514093
1.71135,-0.586624
1.73147,-0.872662
1.68739,0.806108
1.75773,0.662391
1.68903,-0.665272
1.69805,-0.294341
1.66027,0.342391
1.65935,-0.969544
1.8076,0.811935
1.6537,0.944092
1.74466,0.952173
1.773,0.934036
1.80027,0.314653
1.66003,-0.147227
1.70472,-0.546732
1.69343,-0.0314688
1.68458,0.715052
1.76081,0.671739
1.68903,0.642388
1.68245,0.392436
1.68233,-0.57003
1.8033,-0.283935
1.75202,-0.670639
1.65122,-0.462505
1.78102,0.451226
1.65563,-0.947784
1.67836,0.295671
1.82834,-0.693727
1.76592,0.148364
1.7333,-0.958974
1.6887,0.783971
1.72441,-0.856511
1.78974,0.345907
1.67057,0.652957
1.73333,-0.455253
1.72029,0.119434
1.74225,0.176309
1.77528,-0.728344
1.76815,-0.313565
1.68417,-0.146835
1.75839,0.0329479
1.69631,0.350436
1.70827,0.164438
1.75275,-0.724772
1.82255,-0.0509289
1.72758,-0.360905
1.80357,-0.261584
1.681,0.652947
1.67755,0.488255
1.80765,0.709215
1.71142,0.0570233
1.7295,0.426112
1.81376,-0.7886
1.67178,0.955707
1.72567,0.860488
1.70889,-0.291955
1.67598,-0.091372
1.77475,-0.758975
1.78878,-0.535085
1.7812,0.531407
1.66958,0.0391694
1.71486,0.0408422
1.7846,-0.319022
1.70094,0.227656
1.82029,-0.492611
1.66236,-0.805792
1.74711,0.991191
1.73987,-0.599062
1.66885,-0.333511
1.81166,0.91327
1.73015,0.0497885
1.72546,-0.375303
1.80488,0.372393
1.7765,-0.512013
1.65897,-0.954891
1.79285,0.874873
1.67174,-0.363208
1.81407,0.937112
1.66928,0.642424
1.71313,-0.939968
1.75504,0.941885
1.67039,0.819806
1.77482,0.325507
1.7401,0.0557358
1.6553,0.612766
1.65616,-0.61348
1.8214,0.549276
1.78162,0.742749
1.75442,0.201006
1.71031,0.498754
1.70931,0.70467
1.69068,-0.137261
1.67488,0.374008
1.80277,0.695388
1.68921,0.60793
1.7897,0.400151
1.76868,0.121695
1.80894,-0.0469392
1.71246,0.157282
1.72571,0.568144
1.68458,-0.131048
1.73829,-0.280042
1.75494,0.455944
1.77619,-0.717749
1.66417,0.41397
1.67517,0.666585
1.69483,0.666311
1.82171,0.382414
1.74088,-0.570853
1.77474,0.289244
1.68966,-0.642836
1.70875,0.708553
1.69155,-0.278985
1.78334,0.678512
1.78929,0.917258
1.71852,-0.58416
1.81868,-0.403671
1.75165,-0.514925
1.79228,-0.187265
1.78598,-0.508484
1.69251,-0.967612
1.67557,0.914209
1.76594,-0.578341
1.82707,-0.582277
1.68015,0.691581
1.78979,0.355937
1.76523,-0.112744
1.74777,-0.379316
1.78657,-0.428052
1.7175,-0.716876
1.71617,-0.832068
1.67681,-0.965531
1.66853,-0.238644
1.75862,-0.203863
1.73967,-0.167058
1.77679,0.012723
1.67289,-0.595081
1.65849,0.964127
1.78884,0.990802
1.69855,-0.791158
1.75074,-0.96202
1.80268,0.491969
1.79866,0.517897
1.80936,0.701968
1.80739,-0.115405
1.70637,-0.853224
1.74508,-0.815824
1.82208,0.922548
1.67184,0.311724
1.75133,-0.837907
1.75438,0.0609213
1.81489,-0.224936
1.78321,0.845602
1.81867,-0.562644
1.82122,0.121284
1.69483,0.0638598
1.7082,-0.188416
1.72669,-0.821217
1.717,0.0466726
1.67836,0.698499
1.73317,0.963893
1.69677,-0.766381
1.77432,-0.781059
1.68048,-0.677601
1.7978,-0.72695
1.6553,0.716084
1.68138,-0.278842
1.74011,-0.431412
1.73587,-0.509575
1.65965,-0.200894
1.73431,-0.400691
1.82904,-0.907177
1.71502,0.102729
1.77419,0.742684
1.74099,0.451206
1.79501,-0.925802
1.66928,0.323516
1.66993,0.104288
1.72818,0.0576063
1.75786,-0.403282
1.7301,-0.86372
1.73972,-0.0611844
1.68706,-0.635738
1.67836,-0.46505
1.80016,0.157474
1.75677,-0.512476
1.68949,-0.0654557
1.65696,0.470189
1.79474,-0.890017
1.81742,0.735002
1.82523,0.294699
1.65081,0.746007
1.77613,-0.612772
1.68489,0.498145
1.81869,-0.835972
1.79696,-0.11594
1.7005,-0.052597
1.71987,0.812182
1.66303,0.888892
1.81569,-0.891502
1.8251,-0.62591
1.80874,-0.421649
1.65441,-0.362547
1.80026,0.705434
1.71669,0.931698
1.66498,0.81305
1.70196,-0.413399
1.77872,-0.564972
1.69453,0.101007
1.68001,-0.137008
1.7966,-0.847063
1.78389,-0.172097
1.81875,-0.153355
1.78232,0.98707
1.70151,0.305179
1.78311,-0.803475
1.77968,0.912611
1.71217,-0.487178
1.7903,-0.0821286
1.67857,-0.925945
1.77753,-0.256682
1.79068,0.773681
1.80344,-0.263365
1.71564,0.848254
1.72406,0.87361
1.76982,-0.568562
1.66648,-0.225867
1.6602,-0.707791
1.82696,-0.63551
1.706,-0.391643
1.75744,0.0509221
1.80672,-0.245483
1.65455,0.00676768
1.72097,0.368194
1.80653,0.530817
1.67838,-0.528089
1.70559,-0.110454
1.78078,-0.0963575
1.68458,-0.967604
1.69008,0.0357709
1.74394,0.883888
1.68006,0.60621
1.735,0.568994
1.82027,-0.503545
1.794,0.123223
1.68903,-0.0391803
1.80486,0.913022
1.81867,0.267433
1.65453,0.466822
1.76898,-0.624402
1.75081,-0.16151
1.73545,-0.707506
1.74268,-0.680087
1.70999,0.814827
1.75288,-0.25018
1.7377,0.248907
1.76867,-0.122134
1.68703,-0.777849
1.70909,0.502063
1.68084,-0.789594
1.69832,-0.590924
1.79387,-0.276282
1.6884,-0.851798
1.81951,-0.0561844
1.81868,-0.980706
1.72326,0.288797
1.79268,-0.93135
1.67436,-0.736417
1.73005,0.180958
1.7373,-0.402996
1.70532,-0.200345
1.66351,0.538226
1.67143,0.896759
1.75949,-0.699826
1.77706,-0.687367
1.6553,-0.270117
1.70438,0.382197
1.69832,-0.341108
1.6792,-0.392099
1.65357,0.557328
1.75678,-0.320697
1.76059,0.489662
1.6897,-0.247658
1.76741,0.991791
1.71828,-0.826028
1.69582,0.120052
1.75082,-0.554904
1.82019,0.578491
1.69203,0.626944
1.66047,0.160499
1.74865,0.704115
1.69832,0.0400968
1.6761,0.496899
1.80438,-0.733339
1.81868,0.578491
1.70988,0.714291
1.67749,0.291189
1.68883,0.608059
1.79603,-0.172669
1.79346,0.984984
1.6553,0.992711
1.75043,0.958205
1.7044,-0.062892
1.77549,-0.719524
1.68458,0.807516
2.01902,-0.915126
2.1186,-0.275283
1.8991,0.452885
2.15686,-0.986995
2.15587,0.0376825
1.90161,-0.204731
1.98521,-0.378001
1.95494,-0.0208052
2.21436,0.201979
2.02148,-0.724893
2.02662,0.531839
2.24157,-0.0488525
1.8747,-0.643214
2.03277,0.308782
2.06856,0.677256
2.03324,-0.907345
2.0306,0.421716
1.97333,0.799488
2.16168,0.821359
2.01843,-0.150789
2.07802,-0.813554
2.18051,0.81785
1.94157,-0.962061
1.96274,0.417398
2.15743,-0.110202
1.93572,0.675791
2.03815,0.751472
2.12325,-0.968076
2.14484,-0.422247
2.21801,0.659342
2.1749,-0.567212
1.98375,0.294458
1.85554,0.874955
2.0487,0.956657
2.01522,0.284115
2.14626,0.695392
1.96848,-0.755715
1.9798,-0.297016
2.0095,0.834627
1.89581,-0.359523
1.94514,-0.185983
2.14087,-0.8248
2.04902,0.696744
1.9935,-0.289877
1.89214,-0.15809
1.89166,-0.916407
2.04562,0.554405
2.09268,-0.82697
1.90968,0.912115
1.8942,-0.230422
1.98131,0.870361
1.98641,3.39305e-05
2.00691,0.51791
1.9228,-0.419506
2.12428,0.719921
1.86624,0.58193
2.11443,0.545828
1.86023,-0.910579
2.10052,0.478498
1.84989,-0.612185
2.05012,0.78912
2.00293,0.299255
2.08627,-0.207709
2.07016,0.696779
2.20615,-0.284512
2.1792,-0.0794708
2.02936,0.652379
1.93091,0.834309
1.84988,-0.913948
1.88104,-0.935018
1.84989,-0.456056
1.88822,-0.837204
2.03421,0.954671
1.90534,0.800637
2.16152,-0.873362
2.11811,-0.905019
2.15393,-0.0724517
1.96054,-0.417722
2.12414,0.852534
1.97306,0.932314
1.97553,-0.137739
1.92236,-0.516041
2.1527,-0.369896
1.96242,-0.417671
2.14813,0.59997
1.83077,-0.802765
1.94765,-0.757478
2.1339,0.349875
2.0474,0.57058
1.92143,-0.575289
1.95505,-0.0145371
1.95842,-0.246204
1.86772,0.0884522
1.98821,-0.672697
2.06142,-0.806371
1.8572,0.912539
1.8371,0.302621
2.23138,0.983322
2.1757,0.591456
1.87532,0.958123
1.94032,-0.709333
2.09111,0.922114
1.83924,0.894319
2.1705,-0.978313
2.18275,0.519779
1.97115,-0.452437
1.95479,-0.71699
1.93447,0.265725
1.88751,0.515972
2.02798,-0.0893627
2.19139,0.528534
1.97403,-0.760823
1.98836,0.872499
1.86285,0.822564
2.24688,-0.483544
2.15648,0.327113
1.98245,0.669661
2.00127,0.4082
2.00506,0.597774
1.90588,-0.586182
1.8831,-0.527464
2.15479,0.0861195
1.97591,-0.347516
1.8974,0.0932907
1.89509,-0.0456548
1.91498,-0.579318
2.09887,0.996726
1.86792,0.725571
2.08801,0.762354
1.8477,0.345595
1.96506,-0.348874
2.17873,-0.301743
2.11645,-0.510321
2.16345,0.94933
1.98783,0.8962
2.0461,-0.545313
1.88182,-0.131788
2.10268,-0.38139
1.88412,0.417594
2.23927,-0.364623
1.95112,-0.474627
2.03816,0.0342585
2.17533,0.579393
1.99241,-0.2903
2.00307,-0.0281294
1.88365,-0.393251
1.85673,0.289818
2.13486,-0.0385007
1.90679,0.192887
1.94185,0.533092
1.97529,-0.501424
1.94424,-0.346911
2.06477,-0.0311348
2.2283,0.880169
2.13732,-0.523129
2.00161,0.641849
2.01769,0.211603
2.07652,-0.664184
1.90427,0.462502
1.84872,0.524848
2.06658,-0.990246
2.23584,-0.0876747
1.84583,0.509715
2.08383,-0.587987
1.89347,0.00574238
2.02774,0.708815
2.02114,-0.492434
2.12356,0.0803886
1.95342,-0.173821
2.10926,0.911765
2.09375,-0.984843
1.87558,0.505807
1.9824,-0.695009
2.01363,0.722837
2.06128,0.180998
2.20035,-0.201247
1.90678,-0.965064
2.16692,-0.958842
2.03466,0.883593
2.24594,0.453466
2.10835,-0.176162
2.23957,-0.884909
1.8641,-0.465289
2.21882,0.464633
2.21931,-0.677539
2.22714,0.582872
2.06673,0.873346
2.16479,-0.825053
1.90067,-0.546834
2.12044,0.52755
2.10574,0.424069
2.16679,-0.426109
2.02473,-0.810864
2.22662,0.814215
1.94729,-0.330833
1.84451,0.0542655
2.12285,0.600096
2.17011,-0.434318
2.21079,0.928133
2.19695,-0.441476
1.90678,-0.803876
2.00033,0.0702077
2.24638,0.302257
1.90481,0.887731
1.93129,0.785812
2.064,-0.806123
2.003,0.560923
1.87664,-0.614797
2.17725,0.207337
2.00729,-0.509226
2.16256,-0.898345
1.85387,0.789294
2.07633,-0.521282
2.18128,-0.964909
1.97796,0.824316
1.92636,-0.0656374
2.15733,-0.90187
1.88486,-0.386937
2.02614,0.45675
1.90428,0.50379
1.88028,0.547115
1.91582,-0.820216
1.90119,-0.382238
2.06243,0.402942
1.8884,0.411278
1.87798,0.952466
2.03355,-0.993973
2.18442,0.828844
2.1936,-0.297541
1.87364,-0.935235
2.02467,0.287215
1.93456,0.214015
2.07675,0.870258
2.07158,-0.120028
2.05771,0.113095
1.95359,0.905591
1.97459,0.857522
1.98325,0.826622
2.13729,-0.866706
1.86602,-0.408057
2.08849,-0.113698
2.24847,-0.349498
2.05505,-0.0727983
2.04776,0.980146
1.87452,-0.202283
2.14099,0.75608
1.90679,-0.152953
1.89284,-0.344298
1.93302,0.0623937
1.84836,0.768248
1.83239,0.778756
1.96028,-0.923475
1.88572,0.186226
2.15722,0.230867
2.1473,-0.102902
1.85701,-0.696632
1.88854,-0.205844
2.1686,0.172711
2.04124,0.866274
2.02055,-0.728133
1.9101,-0.223956
1.90679,-0.222211
2.15054,0.993159
1.83574,-0.965595
2.01446,-0.615996
2.11984,-0.966564
2.07631,0.274552
2.1129,-0.30622
2.03475,0.270501
1.9082,0.262447
1.86983,-0.323922
2.22824,0.614927
1.92073,0.0814711
1.95115,-0.247982
2.1599,-0.983541
2.09267,0.297733
2.23111,0.774597
2.00797,0.391472
2.0487,-0.399216
2.24428,0.691613
2.21074,-0.903575
1.98717,0.0464633
2.02096,0.534391
2.19743,-0.567799
2.13134,-0.401501
2.19149,0.758068
2.11562,0.545127
1.87409,0.583179
2.11,-0.275295
2.00477,-0.550996
2.18563,0.302829
2.16327,-0.944629
1.90753,-0.701538
1.99928,0.704419
2.04843,0.0840338
1.91453,-0.516827
2.09668,-0.355662
2.03946,0.869858
2.20784,0.247261
2.02228,0.011753
1.87277,-0.590231
2.2461,0.946834
2.07876,-0.49654
1.97502,0.67255
1.89914,0.725443
2.14576,-0.2751
2.0782,-0.17766
1.9908,0.71759
1.90678,-0.744061
1.86808,0.473187
2.04669,0.959396
1.87599,-0.779599
2.14321,-0.336434
2.12504,-0.495966
2.09984,0.226574
1.85287,-0.0582033
1.99559,0.422994
1.88071,0.374142
2.07477,-0.664675
1.93519,0.112715
2.08484,-0.0417024
2.11936,-0.623594
2.06628,-0.285722
1.9518,-0.620538
1.84935,-0.480686
1.99425,0.103488
2.1994,-0.942445
2.24523,-0.860318
1.97628,-0.651019
1.88729,0.367241
1.88007,0.96496
1.83664,0.800384
1.91224,0.063107
1.95601,0.211459
1.9294,-0.843871
1.83453,-0.00997078
2.01411,0.838767
1.99401,0.932668
2.22756,-0.784466
2.23655,0.188374
2.18557,0.153852
1.97907,-0.173443
2.19957,0.347417
1.98378,0.267893
1.89446,-0.215205
2.00933,0.861919
1.9632,-0.976303
2.04781,-0.58382
1.84208,-0.895033
1.85005,-0.089676
2.10677,0.371412
2.11856,-0.597758
2.04351,0.144715
2.13876,0.99209
1.87416,-0.226317
2.10848,0.137085
1.85805,-0.920549
2.04452,-0.533794
2.17941,0.48333
1.95155,-0.197045
1.89252,-0.655319
2.1753,-0.0634947
1.88982,-0.56072
1.87936,0.48586
2.2318,0.828247
1.98282,-0.0747112
2.18201,-0.976746
1.86026,0.796155
2.11946,-0.573335
2.23251,0.353234
2.15008,0.450248
2.03113,-0.975786
1.85893,0.511854
2.20719,-0.465211
1.90813,0.509412
1.92371,-0.234039
2.19554,-0.883373
1.93131,0.81385
2.15676,0.781337
1.87227,0.47487
1.85865,0.926529
1.84866,-0.243644
1.96986,-0.24887
1.84736,0.525827
1.88134,0.607148
2.12987,0.981053
2.06075,0.0339002
1.89045,0.166311
1.96888,0.849654
1.94652,0.121863
1.84084,-0.203736
2.22801,0.596027
2.1346,-0.337206
1.83517,-0.984235
1.91519,0.784472
2.07689,-0.0565109
2.21728,0.207846
2.14794,0.0735907
2.18035,0.572466
2.21911,0.459433
2.15999,-0.258812
1.8961,0.720012
2.13704,0.0177747
2.06522,-0.148391
1.92158,-0.0657833
2.05455,-0.480282
1.97847,0.641144
2.0159,0.180574
2.12558,-0.520802
2.14924,0.372838
2.01141,0.81466
1.89392,-0.608238
2.08989,0.704467
1.90573,-0.482818
2.00338,-0.113548
2.20235,0.148898
2.17782,0.74121
1.89184,-0.736677
1.88323,0.0550511
2.0777,-0.208132
2.12673,0.295881
2.02653,0.340216
2.09637,-0.612619
2.22118,-0.0235177
1.95605,-0.26304
2.15299,-0.231102
2.02143,-0.60947
1.97484,-0.171565
1.89786,-0.468995
1.91308,-0.0867015
1.89098,0.689045
2.08846,-0.0792409
2.19841,0.999783
2.1781,0.263009
2.11526,0.525347
2.18108,0.277803
1.86411,0.30957
1.85664,-0.690931
2.13214,0.963665
2.16252,-0.0679927
1.83858,0.598526
2.17222,0.167528
1.86308,0.563331
2.01339,0.113334
1.95709,0.234683
2.17474,0.453942
1.98523,-0.977508
2.09995,-0.684968
1.87211,0.952815
2.19059,0.45451
2.06006,-0.726026
2.01412,-0.297309
2.21804,-0.428542
1.91087,-0.59044
2.02542,-0.00111586
2.18099,0.632858
2.11416,-0.539374
2.21184,-0.718794
2.23364,0.846372
2.2464,-0.346375
1.85156,-0.393041
1.88811,0.639889
1.9641,-0.368012
1.85132,-0.721108
1.83121,0.577126
2.04346,0.725806
2.15233,0.408421
2.04395,0.9315
1.86263,-0.707279
2.19792,-0.523416
1.96384,0.38883
2.11848,0.915251
1.91619,-0.924434
1.91056,-0.805014
1.89212,-0.951227
1.95161,-0.639641
2.0495,-0.660526
1.86708,0.281515
2.02098,0.870067
1.89211,0.413807
1.83508,0.167798
1.91862,0.368317
2.1489,-0.542347
1.83563,0.201271
1.91473,0.19119
2.07219,0.862708
1.88106,-0.258865
2.2383,-0.673346
1.86494,-0.5412
2.01229,-0.790679
1.84537,-0.923458
1.95235,0.0131553
1.98931,-0.271132
2.19285,0.0541998
2.02835,0.593572
2.19261,-0.42475
1.98805,0.613273
1.93839,-0.275764
2.215,-0.916088
1.85828,-0.675364
2.01678,-0.0841067
1.97798,0.722191
1.91753,0.590275
2.19952,-0.481304
2.1097,0.63548
2.21276,0.50878
2.24844,0.41909
1.94212,0.112036
2.17504,0.459839
1.93496,0.614253
2.20738,0.340297
2.16438,0.774256
2.18457,0.793222
1.90706,-0.0369338
1.93997,0.397684
1.89911,0.912065
1.86004,-0.561875
1.86114,-0.514501
2.08863,0.572173
1.91729,-0.992724
1.85509,0.64092
2.19442,-0.0761611
2.22085,-0.675618
1.92086,0.262594
1.99428,-0.420798
2.10406,-0.882825
1.90677,-0.966274
1.91566,0.202283
1.98168,0.994054
1.96809,0.35391
2.07705,-0.359967
2.20975,-0.287838
1.97075,0.225778
1.97755,0.0886119
1.85707,0.253931
1.95493,-0.994969
2.06234,-0.494541
2.07173,-0.182097
1.85406,0.7907
2.14862,0.732607
2.18011,-0.0639226
2.01672,0.862305
1.85746,-0.314823
2.09359,0.298547
1.89211,-0.698267
2.03954,-0.113528
2.00617,-0.988908
1.85472,0.113405
2.03848,0.547096
2.04271,0.533168
2.24487,0.401588
2.00917,-0.281637
1.86096,-0.341696
1.89067,0.217901
2.18355,-0.956169
1.97543,0.134928
1.90581,-0.938536
2.17143,0.051009
2.11973,-0.0586309
2.18413,0.173311
2.22217,-0.832613
1.9853,-0.547066
2.15579,0.397253
1.90676,-0.699632
2.07698,0.528776
1.90676,-0.683724
1.86362,0.305458
2.17759,0.289664
1.87389,0.160582
1.876,0.445884
1.9796,0.500396
1.96584,-0.923153
1.88565,0.760895
2.11341,0.130666
1.91234,0.360669
1.89211,-0.653484
6.94042,0.0614784
3.42416,-0.204688
5.56643,-0.824426
3.44634,0.546067
4.17077,0.730527
9.97142,-0.398996
4.76947,-0.456488
9.88332,0.783589
3.86283,0.403549
4.37939,-0.484517
9.43461,0.144719
3.3616,0.603029
9.56355,-0.509612
3.2171,-0.287875
3.45174,0.849045
3.50199,-0.379011
5.0754,0.638138
5.56645,0.86636
3.02494,0.216461
6.05206,0.992243
6.72099,-0.764382
5.06545,0.421392
3.34739,-0.39879
3.40313,0.653829
8.06464,0.135926
6.80315,-0.777884
3.24955,0.626945
8.64571,-0.122684
5.63955,-0.276251
4.862,0.926931
3.7798,0.315363
5.44411,-0.827233
11.3568,-0.0928447
3.364,0.502815
5.56646,-0.350095
4.64295,-0.542417
3.08848,-0.925649
3.4423,-0.242936
4.67115,-0.853481
3.22436,-0.00726901
4.62496,0.420512
4.07712,0.673772
5.56646,-0.779622
3.2567,-0.622108
4.43943,0.443638
3.79409,-0.534825
5.56649,-0.496273
7.42769,-0.943565
4.75363,0.492085
3.3628,0.106825
9.56355,-0.965741
3.4361,0.184469
9.04037,-0.627574
4.44764,0.0887383
3.09052,0.0178438
3.12833,0.258255
9.91453,-0.458699
6.48665,0.174221
4.56595,0.259344
7.10568,0.465263
5.56643,-0.799843
3.32334,-0.358343
5.56646,-0.0618675
3.36217,-0.238019
5.4275,0.323746
5.56649,-0.151535
4.312,0.868048
5.3276,-0.0246546
3.24995,0.575583
4.00898,0.931183
3.42878,-0.320662
4.78593,-0.623727
5.56646,-0.914474
3.2833,0.265265
3.56002,-0.148997
6.56115,-0.980716
4.06187,0.0765853
3.31291,0.957613
4.39181,0.232189
5.56647,-0.10003
3.07619,-0.459613
5.56646,-0.566737
5.56645,0.118958
3.35314,-0.850968
6.07184,0.388542
5.56647,-0.428804
4.35089,0.738079
4.26378,-0.693461
5.56647,0.22526
3.48625,0.873884
5.56643,-0.345349
3.73051,-0.212682
3.34205,0.623768
4.78942,0.965313
4.75078,0.713234
3.77725,-0.558597
10.6179,-0.474612
5.56649,-0.800883
4.30685,0.485343
7.92414,0.291951
5.82962,-0.402157
4.17196,0.15066
3.04201,-0.658526
5.56645,-0.117448
4.24349,0.301933
3.1873,0.963191
4.18236,0.904567
5.56645,-0.116067
3.27437,-0.109062
3.88111,-0.228845
3.60705,0.720468
3.30552,0.145002
4.95259,-0.625134
3.67299,-0.754036
3.87975,0.218465
3.96389,-0.537075
3.15226,0.29525
3.24528,0.824197
3.99711,-0.0989496
5.46682,-0.884998
3.28025,-0.178398
6.02219,0.358788
6.40048,0.816722
8.06465,-0.199437
4.27734,0.39104
8.64493,-0.0934212
4.23187,-0.0687629
3.8605,-0.326189
5.66459,0.614982
4.74208,0.385581
6.46731,-0.250941
3.18327,0.965896
9.78214,0.883747
3.54636,-0.643842
3.02652,0.373139
3.77114,-0.0907557
4.43155,-0.329
3.78775,-0.110138
8.38926,0.779265
4.98091,-0.0992529
3.32545,0.0676199
8.93901,-0.884912
4.13986,-0.0791539
5.56643,-0.016983
4.28192,0.99481
3.15021,0.292057
3.29912,0.0990588
5.45924,-0.439089
3.04182,0.662531
3.81265,-0.368991
3.38613,0.251516
5.56649,-0.708887
3.06118,-0.0739882
5.56645,0.560914
4.92125,-0.032205
5.56643,0.0908645
3.79382,0.717727
5.36528,-0.970241
5.45488,0.193536
3.83404,-0.780419
3.81428,-0.714081
7.62308,0.0551817
4.77878,0.820927
4.21571,0.209248
3.61948,0.101219
9.93828,-0.0564547
8.06465,-0.513479
3.42375,-0.708908
3.13244,0.403295
4.3124,-0.947295
5.56647,-0.855263
5.46727,-0.958405
5.16238,-0.70376
5.56641,-0.460218
7.42796,0.499389
3.11902,0.936191
3.15445,-0.950991
9.84113,-0.688234
3.01114,0.911123
4.68964,-0.945158
3.43154,-0.440494
8.36812,0.570082
3.38451,-0.29334
5.92898,0.261505
3.7655,0.679375
6.51089,-0.945947
5.56643,0.407252
3.20781,-0.741538
3.16679,0.416174
5.28722,-0.0795867
5.23506,-0.87433
5.00662,-0.180582
5.00361,-0.770532
4.40497,0.129526
3.6126,-0.373132
4.21571,-0.956054
4.54488,-0.115087
3.46897,0.264731
5.04668,-0.15546
5.56647,-0.633328
6.51282,0.581992
4.49076,-0.428014
4.71917,-0.661569
3.82664,-0.604662
3.58232,-0.47934
4.76581,0.938326
5.0907,-0.390171
9.97142,0.126142
8.21522,-0.981307
4.09921,-0.273775
4.43751,-0.234719
3.73498,0.477002
5.56643,-0.280558
4.76106,-0.708171
5.56643,-0.563605
3.84605,0.776233
4.11289,0.317483
3.00504,0.987291
5.56645,-0.827788
3.39595,0.145944
4.40496,-0.677292
9.97142,-0.678175
10.6018,0.0966285
4.36261,0.233542
4.77084,0.950868
6.30685,-0.483084
3.37281,-0.507561
7.68041,-0.308794
5.75708,0.438306
3.02022,0.949814
3.31961,-0.654953
3.54308,0.674386
3.87131,0.454885
3.01253,-0.191643
4.37183,0.43957
5.68033,0.0762817
5.56643,-0.923451
4.59703,0.660599
5.54628,-0.25664
3.37254,-0.374054
5.56646,0.048551
4.17044,0.219671
5.56643,-0.801129
5.20213,0.967586
5.16982,0.145082
4.34587,-0.95339
5.56643,-0.841548
8.99973,0.329647
18.1057,0.98996
3.08205,-0.211489
9.97142,0.112522
7.58138,-0.703687
4.47372,-0.871048
9.97142,-0.679994
3.77577,0.367104
5.86587,-0.840454
3.28998,-0.900482
5.47092,-0.541182
4.51402,0.11042
9.97142,-0.969891
3.12159,0.482824
4.55394,-0.145679
4.40493,0.044294
5.56643,0.139298
6.47987,0.555368
3.61766,-0.460142
3.0064,-0.848805
3.65631,-0.515193
3.14169,-0.863309
3.27433,0.553828
5.56643,-0.0757607
4.25879,-0.885272
3.42494,0.830194
4.52045,-0.552835
5.56643,0.348308
5.49212,-0.0606291
7.72478,0.100213
9.30584,0.158549
8.93901,0.331975
3.41973,0.296424
9.78214,-0.5653
3.01287,-0.543997
3.6548,0.462098
3.95736,0.921286
5.56649,-0.683274
3.10157,-0.624862
3.65069,0.476751
5.56646,-0.160579
3.26996,0.825604
4.36862,0.484537
3.64122,0.867651
5.56649,-0.905519
3.67333,0.944603
4.94775,0.64929
3.23704,-0.0517412
7.9216,-0.504449
5.97062,0.860323
4.13989,0.372069
5.56646,-0.696341
6.91,0.0313547
4.86082,0.546591
5.56646,0.00166547
4.66967,0.599996
3.30885,0.281381
3.14641,0.354724
6.70373,0.919233
3.78192,0.016684
3.48782,0.612976
3.01871,-0.562805
5.46129,0.825145
9.97142,0.852648
3.62153,-0.0548689
9.95675,0.677522
5.56645,-0.985865
4.96653,-0.795155
5.51651,-0.777571
9.95675,-0.500834
3.48296,-0.771464
5.12883,0.844023
5.17652,-0.767965
5.27635,-0.880857
3.71313,0.23984
8.79935,0.331924
5.20727,0.0954145
3.99708,-0.228203
3.72144,0.393835
3.17259,0.715323
3.10272,0.231153
6.46565,0.880248
3.25304,-0.0381952
9.81298,0.253991
3.24945,-0.930752
4.39142,0.155926
3.65021,-0.632244
5.25786,0.101853
7.94746,-0.221316
9.56355,-0.0346345
5.044,-0.35204
5.56646,0.441461
5.56647,-0.0987082
9.03259,0.0894308
7.42926,0.748692
3.43557,0.775978
5.44876,-0.227993
3.04055,-0.967814
3.00238,0.266953
5.56643,-0.147972
6.02205,-0.69019
3.28568,-0.938548
3.39034,0.693355
5.40124,-0.469332
3.44228,-0.505341
4.01622,-0.983936
5.56646,-0.403441
5.15527,-0.740571
6.60501,0.705716
3.3685,0.939244
3.38943,-0.426485
3.84351,-0.57001
10.1645,0.811285
6.04803,0.315337
3.28943,0.673159
5.56649,-0.72164
4.78324,0.809299
5.56643,-0.59691
5.40272,-0.569538
4.68596,-0.432856
3.06761,0.954574
5.56646,0.410546
3.44232,-0.852332
5.56645,-0.741045
5.56646,0.491285
7.06891,0.705018
4.66449,-0.186276
4.69481,0.473804
5.83581,0.130893
5.62725,0.170451
5.56643,-0.445588
3.24356,0.0179311
5.0144,-0.769659
3.54261,-0.619852
3.85773,-0.223792
3.97349,-0.983125
3.6014,-0.779483
3.60036,0.84774
4.46696,-0.682028
5.64169,0.153175
9.38224,0.373282
3.42982,-0.831773
4.67643,-0.671413
4.6469,-0.535484
3.26819,0.137947
8.77884,-0.776511
8.42628,-0.647472
3.44656,0.23199
4.07941,-0.136699
3.12629,0.982383
3.72863,-0.15035
4.77504,0.997549
3.00916,0.567302
3.80953,-0.308483
4.37463,0.24945
8.00037,0.380625
3.58562,0.811842
5.68643,-0.0757397
3.59593,-0.906924
4.40501,0.114442
4.14637,-0.455679
4.12967,-0.370377
8.939,-0.568951
4.53725,-0.539494
5.56646,-0.621539
3.27534,-0.155254
3.79134,-0.204265
4.0096,-0.670992
3.08237,-0.119603
10.3227,-0.748166
3.06891,-0.0242075
5.27587,0.849015
4.83707,0.36508
3.02688,-0.803077
4.35647,-0.462875
3.33194,-0.66084
9.69611,-0.668682
3.00131,0.0772876
3.61105,-0.348097
3.73052,-0.55452
5.47376,-0.979579
3.44231,0.276621
3.45262,0.72528
12.6045,0.669746
3.29933,0.411778
3.15623,0.130477
4.8197,-0.735775
3.50904,0.0357052
3.36921,-0.640478
4.74909,-0.812258
5.56646,-0.787855
3.9971,-0.755094
3.06076,-0.0388992
8.11475,-0.488553
4.86541,-0.0937742
4.28123,0.744146
3.11122,0.0373078
3.85394,-0.175248
3.22872,-0.250435
3.84296,-0.303916
3.54891,0.120957
3.75483,0.439718
5.56646,0.348876
5.34826,-0.413495
3.85399,-0.395774
3.02623,-0.837186
4.93923,0.149919
9.33879,0.227627
5.56646,-0.864743
4.40501,0.487324
6.18681,-0.346986
4.31459,0.73253
5.65723,-0.786001
5.53221,0.79118
3.01534,-0.527826
4.09072,-0.0612782
3.3069,0.602224
5.56647,-0.433978
4.33365,0.376165
3.31088,-0.0182362
3.42377,0.111973
4.4371,-0.0943341
5.5174,0.809452
4.97399,-0.739081
3.42391,-0.0850686
3.77723,-0.749583
16.7861,-0.890604
5.56645,-0.0529588
3.25604,0.743953
3.09857,0.695915
4.42709,-0.123163
4.34037,-0.116941
4.293,0.749284
9.95676,-0.93881
4.49815,-0.0771586
4.15472,-0.0716415
5.24342,0.916387
8.79431,-0.425969
9.95676,-0.794378
10.3305,0.204252
6.47712,-0.331151
4.94758,-0.381988
4.43962,-0.979759
6.44441,-0.857509
3.94463,-0.50688
4.39032,-0.603465
4.75291,-0.787423
3.06338,0.183954
3.77727,0.718151
3.07854,-0.549088
4.93768,-0.0844098
4.55072,0.414625
5.56645,0.359274
6.01893,-0.784075
3.96888,0.132698
4.6236,-0.0663111
4.42409,0.468855
4.36142,-0.923001
3.77727,-0.441007
3.42011,0.407187
3.73506,-0.451499
5.18692,-0.135972
3.4307,0.704109
3.28826,0.193842
3.20927,-0.954929
4.38969,-0.0409644
5.72304,-0.392842
4.47381,0.228982
5.56645,-0.988867
4.34809,-0.266293
3.36482,0.163561
4.23273,0.103382
3.9597,-0.950219
3.19046,0.530261
3.19541,-0.374952
3.98386,0.0237007
4.85164,0.961189
4.47769,0.90128
3.24473,0.74701
6.19482,-0.0588398
3.26108,0.233784
3.04152,-0.332206
5.56643,-0.793462
4.84576,0.0719126
3.82771,0.0879702
4.10618,0.852717
4.86419,-0.781285
4.76537,0.3282
5.56646,-0.500213
3.70527,0.416991
9.97142,-0.305068
3.51806,0.249896
3.75442,-0.683766
8.90438,-0.248518
4.93291,0.777178
5.56649,-0.0880573
4.52818,0.705591
3.0797,0.115875
4.52804,0.416275
3.89926,0.667107
9.95676,0.498708
4.05175,-0.438961
3.59038,-0.526169
4.23107,-0.175475
3.0786,0.242059
6.3579,-0.975755
6.50165,-0.264308
3.13024,0.561843
5.56643,-0.589935
9.84113,0.313512
4.15239,-0.754691
62.4442,0.108626
4.63579,-0.840876
3.13878,-0.037709
3.50959,-0.256417
3.24937,0.133646
4.99581,0.929513
6.35541,-0.203493
3.79754,-0.790711
4.81384,0.266453
3.05415,-0.800033
4.53598,0.745294
4.2656,-0.127324
5.56646,0.775128
9.97142,0.663289
3.34457,0.783546
3.28003,0.417043
3.10396,0.983996
3.10994,0.157904
5.47745,-0.00354854
3.60048,0.595251
5.99821,-0.936177
5.35904,0.753477
3.23084,-0.588274
3.00576,-0.270485
5.56646,0.308198
5.46118,0.767779
5.39377,-0.117517
5.56643,-0.538149
3.36103,0.416056
8.01876,-0.374931
10.634,-0.871106
7.82117,-0.735222
5.12813,-0.858371
6.39572,-0.396591
3.31379,0.451256
4.72687,-0.606131
3.42066,0.501953
9.78214,0.748939
3.67156,-0.921476
4.3928,0.743091
3.44123,0.610249
3.54871,0.649135
3.20259,-0.393511
6.14692,0.441853
3.3406,0.7624
4.2679,-0.258593
4.97098,-0.950591
3.48949,-0.13168
5.56646,-0.379717
4.71719,-0.65133
3.25108,0.984094
3.41675,0.850676
3.20294,-0.0329067
5.0099,-0.480396
4.40501,0.812772
4.0725,0.640957
3.50138,-0.721472
4.4993,-0.175588
5.37225,-0.659231
5.26761,0.277755
3.17881,0.968633
9.69611,-0.920071
3.04387,0.803976
3.01634,0.0403405
7.59364,-0.0179357
8.43892,-0.798158
4.44206,-0.454626
6.38275,0.333546
8.23234,0.528198
5.56647,0.39369
5.0926,-0.22382
5.56649,0.85334
5.12191,-0.895432
3.40595,-0.538013
5.56643,-0.913256
5.37236,-0.144563
3.99709,-0.354846
9.88332,0.369493
3.28139,-0.730035
3.67405,0.727989
3.99711,0.289612
8.31581,0.118259
4.14976,0.78678
5.56641,-0.950477
9.34371,0.478377
5.56641,0.496686
5.56647,0.478222
7.77838,0.947383
5.63359,0.804429
3.42713,0.0625886
3.81321,-0.905159
3.34716,-0.0176874
7.95497,-0.711816
4.27026,-0.640249
8.939,-0.715675
5.12084,-0.151345
4.03598,-0.528032
4.97738,0.889184
4.77438,-0.326106
6.99567,0.545263
3.83435,-0.823372
6.86824,-0.454194
5.56643,-0.174348
3.1627,-0.583562
3.42524,0.392797
9.0155,-0.734199
3.18818,-0.430437
6.04768,-0.530483
3.47864,-0.0424246
4.20297,0.800203
3.16807,-0.865388
3.21394,-0.236583
7.5794,-0.975918
5.56643,-0.900421
5.56645,-0.787792
4.69399,0.785235
3.15072,-0.638222
5.00822,0.478075
5.56647,0.499065
9.97142,0.162529
4.70845,0.906423
3.39995,-0.992948
3.03705,0.84411
8.35943,0.069507
3.1197,-0.245128
3.07578,-0.371387
3.41459,0.285265
3.67338,0.32098
4.40218,0.770492
5.35696,0.868659
5.65788,0.697569
3.56571,0.556714
5.19042,-0.107522
3.40658,-0.0982564
5.56646,0.611713
4.14845,-0.571491
7.0519,-0.680813
4.30972,0.464674
5.47974,-0.854572
4.45496,0.524871
3.55596,-0.540459
4.0222,0.294867
5.56646,-0.731089
3.15545,0.535701
4.08754,-0.784658
5.52843,0.676601
7.93026,-0.582558
5.56647,-0.430839
3.02778,0.630089
3.01724,-0.118422
5.56643,0.245254
5.32039,-0.0627471
9.69611,0.308335
5.56647,-0.0229183
7.45164,0.0525229
5.56643,0.120557
3.5044,0.955534
5.56643,0.12761
3.42048,0.836543
3.67432,0.878518
9.95676,-0.647135
4.04461,-0.0288616
5.56646,-0.631638
3.11591,0.261174
6.12026,-0.45113
6.76064,0.251245
5.18143,-0.366774
4.88287,-0.231157
8.42694,-0.366393
3.94938,-0.315097
3.5248,0.324365
5.56649,-0.312093
3.62179,-0.870433
3.77723,0.0550722
3.90243,0.348361
4.85677,0.219204
6.31075,0.151984
4.07168,-0.0548001
3.0602,-0.668027
5.61447,0.470661
4.06666,0.693388
6.94349,-0.247149
7.16903,-0.872856
4.75477,-0.00244024
3.00242,-0.710563
8.89563,0.887625
5.56647,0.248906
4.06059,0.0799813
5.23839,-0.315316
5.34413,-0.0555287
5.56647,0.703953
3.44048,-0.491979
3.6407,0.285559
4.40497,-0.234405
3.20264,0.708109
3.01108,-0.0239389
5.02136,-0.169556
3.30379,0.838808
4.40497,0.0715936
5.28712,-0.277913
3.47037,0.034778
5.56649,-0.782998
3.51364,-0.985263
3.09599,0.829099
3.31329,0.684701
3.03374,-0.612548
3.66478,-0.0954409
3.4801,-0.174475
5.15784,-0.231666
5.27644,0.355068
3.39064,0.533476
3.37254,0.729988
4.55734,0.398802
3.69858,0.406734
3.03285,0.478937
5.33731,0.232752
3.98787,-0.618723
3.30074,0.920868
3.79255,0.789242
3.96947,0.219361
3.42452,0.994302
4.47947,0.767333
17.058,0.133437
3.21724,0.181872
3.47962,-0.15275
9.97142,0.0565674
3.14552,-0.912498
8.06462,-0.991542
3.24134,0.767451
3.38432,-0.803501
3.42323,-0.45459
6.07826,0.497981
4.43263,0.1861
3.41863,0.737671
9.97142,-0.618617
3.71876,0.533396
3.02551,0.364307
4.08716,0.202629
3.78428,0.542271
4.63311,-0.185403
5.79595,0.721991
4.40493,-0.955385
3.47401,-0.604813
4.30831,-0.116179
3.66833,-0.0546549
3.52855,0.0405616
4.12778,-0.0571366
3.71353,-0.63799
3.19896,-0.555471
4.42542,-0.361787
5.56646,-0.335089
3.53282,-0.0775882
3.84573,-0.532145
5.54181,-0.514967
3.263,0.822949
4.04442,0.575815
4.3518,-0.680395
3.2671,-0.152657
5.93068,-0.239174
5.05181,0.936879
3.02348,0.285014
5.56649,-0.504734
6.11922,-0.883808
5.47068,-0.707384
3.35105,-0.606531
4.3903,0.122984
4.34488,0.309915
3.78626,0.273712
5.96812,0.380505
5.03295,0.301094
3.97403,-0.235175
5.56641,-0.687383
5.56646,0.126833
3.02532,-0.304503
5.2924,0.0219284
6.97636,-0.933079
5.56645,-0.5858
4.17035,0.245673
7.08853,0.230491
5.56643,0.916882
4.96029,0.125642
3.06023,0.684894
5.55396,-0.497822
4.33859,0.677278
9.00357,0.68808
3.6989,0.371963
5.05783,-0.364282
3.73773,-0.688956
4.50103,-0.283939
3.64076,0.627012
4.44206,0.599067
3.61393,-0.692574
4.3107,-0.142964
3.89643,0.504328
3.42451,0.486282
9.93828,-0.408161
4.16163,0.23267
4.00145,-0.57333
5.30637,0.214729
9.34371,-0.955479
5.29225,-0.0225268
4.01718,0.640713
3.30814,-0.0892094
3.89365,0.834439
5.56643,0.393062
3.29144,-0.631876
3.70224,-0.386819
4.23819,-0.682952
5.56649,-0.958813
6.34151,0.847639
4.52139,0.404191
3.58454,-0.9673
4.0476,0.511852
4.92398,0.470362
4.81719,-0.908097
4.4546,0.347002
5.41233,-0.778281
3.26401,0.257746
4.68741,0.710744
5.56645,-0.3212
5.31216,-0.772867
4.00528,0.58695
5.35868,0.644301
5.2015,0.734796
3.22332,0.128795
8.74135,0.338475
5.07347,0.559277
3.68972,0.0833339
5.11338,-0.397328
4.60543,-0.727664
3.59468,-0.889231
4.95784,-0.19527
11.4093,0.564269
3.30982,0.627566
3.14374,0.591754
3.41807,-0.334473
4.82492,0.686523
3.18353,-0.62625
6.75327,0.666242
3.11356,0.943613
3.77727,-0.638293
5.95729,-0.174848
5.56646,0.239277
6.97869,-0.306657
4.11804,-0.481916
8.18727,-0.591482
3.24322,-0.0857999
3.37901,0.315304
5.01188,-0.622219
5.56643,0.916077
5.56641,-0.723228
4.61113,0.284349
6.10061,-0.610633
3.36584,-0.50473
6.71014,-0.256378
4.81104,0.148208
6.53283,0.413726
9.56355,-0.973775
3.19718,0.699997
5.56646,-0.206242
3.42773,-0.673154
7.07571,-0.0061292
9.1479,-0.623661
4.4427,0.124816
3.74617,-0.334368
3.47708,0.66075
4.20546,-0.185696
4.6791,0.153986
4.18717,-0.597258
3.31587,-0.897558
3.32603,-0.189191
3.4643,0.581768
4.15733,-0.19229
8.4421,0.0639379
3.10037,0.734625
3.56238,-0.669248
5.33485,-0.927892
5.56643,-0.861145
5.56647,-0.600582
3.29949,-0.525401
5.15866,-0.590029
4.36744,0.844575
4.0303,-0.082544
4.69385,-0.883135
3.29121,0.934541
5.37297,0.845815
3.03003,-0.917644
5.12696,0.317952
3.51373,-0.365804
5.56641,-0.869678
5.56647,0.134566
9.56355,0.875858
4.03931,0.952261
3.35758,-0.539376
3.30176,-0.489874
4.65099,-0.405208
5.47638,0.327993
7.93515,-0.416193
9.69611,0.457631
5.56643,-0.535234
5.56641,0.441946
5.85324,0.435251
3.3845,-0.415728
3.20737,-0.340942
3.50274,0.212934
5.4901,0.743165
4.70451,-0.179806
5.56646,-0.343224
4.10814,-0.468372
5.56649,0.653969
3.7503,-0.802123
9.10714,-0.110629
4.51798,0.164309
3.42673,0.422071
5.56646,-0.86462
7.14627,-0.670969
5.37081,-0.0648201
3.43092,-0.614918
5.87825,0.761065
5.25479,0.257519
4.12965,0.169391
5.54639,-0.675085
5.1056,0.939001
4.99571,-0.0397291
5.56641,-0.166052
3.0654,-0.173158
5.56645,-0.323363
4.06753,-0.552749
3.14703,0.811169
5.56643,0.43167
4.10088,-0.389108
3.38924,0.990687
4.9455,-0.476955
6.29812,0.95582
3.85669,-0.993667
5.06059,0.550862
3.77726,-0.980019
5.56646,-0.441032
3.13864,-0.979207
3.84897,-0.935027
3.35725,-0.549424
4.37182,0.129026
3.95779,-0.991914
6.12077,-0.881929
4.37184,-0.760537
3.18346,0.655334
3.1242,0.240366
5.56643,0.167941
3.86579,0.747507
3.70664,0.403032
6.84974,0.498519
5.56647,-0.873842
4.86483,0.131528
4.90438,-0.766678
7.34702,-0.361597
9.34371,0.384863
4.81022,0.677947
3.74306,-0.0668162
5.56645,0.0632718
3.72413,0.80796
3.30276,-0.879271
3.37254,-0.504591
4.86791,0.94412
6.00995,0.658138
3.67403,0.0813231
4.89736,0.0107849
3.33175,-0.0291231
3.23096,-0.146945
9.34372,-0.733807
4.621,-0.206637
3.48278,-0.515216
4.5539,-0.0112218
4.6664,-0.2035
5.56643,0.566818
5.56643,-0.407476
3.55026,-0.903348
3.12235,0.356463
3.24011,-0.530368
5.56647,0.584458
4.39028,0.1761
3.41465,0.25507
3.53826,0.911741
5.544,0.79167
7.02857,0.531285
3.67932,-0.884403
5.22985,0.102219
5.98313,-0.647297
5.83071,0.766015
5.48028,0.595234
5.56641,-0.760364
3.10451,0.401009
5.09501,0.14352
8.939,-0.588349
3.84322,-0.80464
3.95501,0.0147746
3.95375,0.00639441
3.37253,-0.900229
7.43182,0.0555246
5.56643,0.172466
4.85901,-0.663945
4.3903,-0.658231
3.93234,-0.699115
5.25235,0.314231
3.26191,0.256466
4.36799,-0.880805
4.37702,-0.69686
3.11596,0.321835
4.6819,0.237653
6.53699,-0.385292
3.59005,0.154092
5.56649,0.0916982
4.40494,-0.998348
5.56646,0.373808
4.33818,0.299867
4.53324,0.381673
5.56645,-0.895732
5.22056,0.236373
3.5135,0.466294
10.9285,0.766136
3.50188,0.994617
6.99257,0.598566
4.71042,0.214002
3.81585,-0.00789989
3.13458,0.51326
4.54996,0.335195
4.33317,0.143561
4.64716,0.3052
5.56641,-0.601479
4.33461,0.771845
3.16199,-0.414458
