1.000000000000000056e-01 2.388643078984600391e-07
2.169052183045735716e-01 3.727593720314937660e-08
4.704787372775471876e-01 1.472540427624120825e-08
1.020492932168464595e+00 4.611747767708251151e-09
2.213502422302752848e+00 1.622123939129169639e-09
4.801202261272811356e+00 1.622123939129169639e-09
1.041405824605790720e+01 7.196856730011528844e-10
2.258863577297735503e+01 5.080218046913012058e-10
4.899592973540154617e+01 3.586095482011828753e-10
1.062747283529282356e+02 2.531403315241569358e-10
2.305154315365115849e+02 2.531403315241569358e-10
4.999999999999999432e+02 0.000000000000000000e+00
