1.000000000000000056e-01 1.686128838286880416e-07
2.169052183045735716e-01 6.660846290809167954e-08
4.704787372775471876e-01 1.857409074638571677e-08
1.020492932168464595e+00 4.106249917244293715e-09
2.213502422302752848e+00 2.898577214651068163e-09
4.801202261272811356e+00 1.286008080610565084e-09
2.258863577297735503e+01 6.408002744416009583e-10
4.899592973540154617e+01 4.027559979850293142e-10
1.062747283529282356e+02 3.586095482011828753e-10
2.305154315365115849e+02 5.705615758781032242e-10
4.999999999999999432e+02 0.000000000000000000e+00
