1.000000000000000021e-08 2.035137468173686989e-07
3.727593720314937660e-08 2.035137468173686989e-07
1.389495494373135967e-07 2.035137468173686989e-07
5.179474679231212542e-07 2.035137468173686989e-07
1.930697728883249761e-06 2.035137468173686989e-07
7.196856730011513747e-06 2.035137468173686989e-07
2.682695795279727390e-05 2.100224038648006601e-07
1.000000000000000048e-04 2.167392169568417514e-07
3.727593720314937870e-04 2.236708432177791367e-07
1.389495494373136101e-03 2.308241526761365840e-07
5.179474679231202416e-03 2.458244068920197226e-07
1.930697728883249559e-02 2.617994621585400391e-07
7.196856730011513825e-02 2.788126665413133218e-07
2.682695795279722017e-01 3.162277660168379191e-07
1.000000000000000000e+00 3.819717549283664621e-07
