1.000000000000000056e-01 1.501310728908174361e-07
2.169052183045735716e-01 5.930744895010558758e-08
4.704787372775471876e-01 1.472540427624120825e-08
1.020492932168464595e+00 1.000000000000000048e-04
2.213502422302752848e+00 2.482892880560330068e-05
4.801202261272811356e+00 4.351665070924420325e-06
1.041405824605790720e+01 1.080471822318128560e-06
2.258863577297735503e+01 2.126821747296212577e-07
4.899592973540154617e+01 4.186477288289947027e-08
1.062747283529282356e+02 1.039457465372262610e-08
2.305154315365115849e+02 7.196856730011528844e-10
4.999999999999999432e+02 0.000000000000000000e+00
