1.289285714285714235e+01 2.130040000000000000e+06
3.667857142857143060e+01 8.828000000000000000e+03
6.046428571428571530e+01 4.174000000000000000e+03
8.425000000000000000e+01 2.968000000000000000e+03
1.080357142857142776e+02 2.212000000000000000e+03
1.318214285714285552e+02 1.593000000000000000e+03
1.556071428571428612e+02 9.600000000000000000e+02
1.793928571428571388e+02 6.680000000000000000e+02
2.031785714285714164e+02 3.960000000000000000e+02
2.269642857142856940e+02 2.560000000000000000e+02
2.507499999999999716e+02 1.660000000000000000e+02
2.745357142857142776e+02 1.110000000000000000e+02
2.983214285714285552e+02 1.080000000000000000e+02
3.221071428571428896e+02 7.300000000000000000e+01
3.458928571428571104e+02 6.400000000000000000e+01
3.696785714285714448e+02 3.700000000000000000e+01
3.934642857142856656e+02 2.500000000000000000e+01
4.172500000000000000e+02 1.100000000000000000e+01
4.410357142857142208e+02 1.100000000000000000e+01
4.648214285714285552e+02 1.300000000000000000e+01
4.886071428571428328e+02 6.000000000000000000e+00
5.123928571428571104e+02 6.000000000000000000e+00
5.361785714285713311e+02 3.000000000000000000e+00
5.599642857142857792e+02 1.000000000000000000e+00
5.837500000000000000e+02 0.000000000000000000e+00
6.075357142857142208e+02 0.000000000000000000e+00
6.313214285714285552e+02 1.000000000000000000e+00
6.551071428571428896e+02 0.000000000000000000e+00
6.788928571428571104e+02 0.000000000000000000e+00
7.026785714285713311e+02 0.000000000000000000e+00
7.264642857142856656e+02 0.000000000000000000e+00
7.502500000000000000e+02 0.000000000000000000e+00
7.740357142857142208e+02 0.000000000000000000e+00
7.978214285714285552e+02 0.000000000000000000e+00
8.216071428571428896e+02 0.000000000000000000e+00
8.453928571428571104e+02 0.000000000000000000e+00
8.691785714285713311e+02 0.000000000000000000e+00
8.929642857142856656e+02 0.000000000000000000e+00
9.167500000000000000e+02 0.000000000000000000e+00
9.405357142857142208e+02 0.000000000000000000e+00
9.643214285714284415e+02 0.000000000000000000e+00
9.881071428571428896e+02 0.000000000000000000e+00
