1.089384317396793644e+00 3.371300000000000000e+05
1.284132064583362487e+00 3.392430000000000000e+05
1.513694600663600731e+00 3.326530000000000000e+05
1.784295717918657154e+00 3.088260000000000000e+05
2.103271827479018974e+00 2.668030000000000000e+05
2.479270860677257104e+00 2.057320000000000000e+05
2.922486727724052713e+00 1.391980000000000000e+05
3.444935690241659465e+00 8.149600000000000000e+04
4.060782140537865459e+00 4.091400000000000000e+04
4.786722619996000461e+00 1.949900000000000000e+04
5.642438487908268741e+00 1.248500000000000000e+04
6.651129513298423390e+00 8.313000000000000000e+03
7.840142856226119505e+00 7.530000000000000000e+03
9.241714491220360372e+00 6.888000000000000000e+03
1.089384317396793733e+01 5.737000000000000000e+03
1.284132064583362265e+01 4.827000000000000000e+03
1.513694600663600554e+01 4.326000000000000000e+03
1.784295717918656621e+01 3.745000000000000000e+03
2.103271827479018441e+01 3.190000000000000000e+03
2.479270860677256394e+01 2.831000000000000000e+03
2.922486727724052002e+01 2.406000000000000000e+03
3.444935690241659643e+01 2.037000000000000000e+03
4.060782140537865104e+01 1.969000000000000000e+03
4.786722619996000105e+01 1.767000000000000000e+03
5.642438487908268030e+01 1.726000000000000000e+03
6.651129513298423035e+01 1.720000000000000000e+03
7.840142856226117374e+01 1.748000000000000000e+03
9.241714491220358241e+01 1.679000000000000000e+03
1.089384317396793307e+02 1.659000000000000000e+03
1.284132064583362194e+02 1.495000000000000000e+03
1.513694600663600340e+02 1.087000000000000000e+03
1.784295717918656123e+02 8.220000000000000000e+02
2.103271827479019294e+02 5.020000000000000000e+02
2.479270860677256678e+02 3.130000000000000000e+02
2.922486727724052002e+02 2.090000000000000000e+02
3.444935690241658790e+02 1.390000000000000000e+02
4.060782140537864393e+02 5.000000000000000000e+01
4.786722619995998684e+02 3.100000000000000000e+01
5.642438487908266325e+02 5.000000000000000000e+00
6.651129513298419624e+02 1.000000000000000000e+00
7.840142856226115100e+02 0.000000000000000000e+00
9.241714491220358241e+02 0.000000000000000000e+00
