1.000000000000000000e+01 1.286396944936974568e-03
2.069138081114790140e+01 1.286396944936974568e-03
4.281332398719396082e+01 1.286396944936974568e-03
8.858667904100832402e+01 1.286396944936974568e-03
1.832980710832435705e+02 1.286396944936974568e-03
3.792690190732249675e+02 1.843422992409110561e-03
7.847599703514606517e+02 1.843422992409110561e-03
1.623776739188720967e+03 2.641648320386092569e-03
3.359818286283781163e+03 2.641648320386092569e-03
6.951927961775605581e+03 3.785515249258629943e-03
1.438449888287663089e+04 5.424690937011326410e-03
2.976351441631316266e+04 7.773650302387758067e-03
6.158482110660260514e+04 1.596338544287942418e-02
1.274274985703132115e+05 2.287573200318395589e-02
2.636650898730355548e+05 3.278121151393458693e-02
5.455594781168514164e+05 4.697588816706491782e-02
1.128837891684688395e+06 8.353625469578261254e+04
2.335721469090121333e+06 8.353625469578261254e+04
4.832930238571751863e+06 8.353625469578261254e+04
1.000000000000000000e+07 8.353625469578261254e+04
