1.000000000000000000e+01 1.036632928437697957e-04
1.610262027560939302e+01 1.036632928437697957e-04
2.592943797404667094e+01 1.036632928437697957e-04
4.175318936560400829e+01 1.036632928437697957e-04
6.723357536499334230e+01 1.036632928437697957e-04
1.082636733874054045e+02 1.036632928437697957e-04
1.743328822199987371e+02 1.036632928437697957e-04
2.807216203941175650e+02 1.036632928437697957e-04
4.520353656360240393e+02 1.036632928437697957e-04
7.278953843983146044e+02 1.036632928437697957e-04
1.172102297533480396e+03 1.036632928437697957e-04
1.887391822135097527e+03 1.036632928437697957e-04
3.039195382313197570e+03 1.036632928437697957e-04
4.893900918477494088e+03 1.036632928437697957e-04
7.880462815669912743e+03 1.036632928437697957e-04
1.268961003167921990e+04 1.036632928437697957e-04
2.043359717856941643e+04 1.036632928437697957e-04
3.290344562312668131e+04 1.036632928437697957e-04
5.298316906283707067e+04 1.036632928437697957e-04
8.531678524172806647e+04 1.036632928437697957e-04
1.373823795883263811e+05 7.233941627366747282e-05
2.212216291070450097e+05 7.233941627366747282e-05
3.562247890262444271e+05 1.197085030495729987e-05
5.736152510448681423e+05 8.353625469578261254e+04
9.236708571873864857e+05 8.353625469578261254e+04
1.487352107293511974e+06 8.353625469578261254e+04
2.395026619987485930e+06 8.353625469578261254e+04
3.856620421163471881e+06 8.353625469578261254e+04
6.210169418915616348e+06 8.353625469578261254e+04
1.000000000000000000e+07 8.353625469578261254e+04
