1.000000000000000000e+01 2.128751661796372547e-04
1.606506003853728970e+01 2.128751661796372547e-04
2.580861540418076672e+01 2.128751661796372547e-04
4.146169559796814497e+01 2.128751661796372547e-04
6.660846290809155335e+01 2.128751661796372547e-04
1.070068955693174644e+02 2.128751661796372547e-04
1.719072201858574545e+02 2.128751661796372547e-04
2.761699813343849428e+02 2.128751661796372547e-04
4.436687330978610930e+02 2.128751661796372547e-04
7.127564834438906018e+02 2.128751661796372547e-04
1.145047569938281185e+03 2.128751661796372547e-04
1.839525795803971278e+03 2.128751661796372547e-04
2.955209235202888067e+03 2.128751661796372547e-04
4.747561378997420434e+03 2.128751661796372547e-04
7.626985859023443481e+03 2.128751661796372547e-04
1.225279857382863702e+04 2.128751661796372547e-04
1.968419447286611467e+04 2.128751661796372547e-04
3.162277660168379225e+04 2.128751661796372547e-04
5.080218046913017315e+04 2.128751661796372547e-04
8.161400793251825962e+04 2.128751661796372547e-04
1.311133937421563023e+05 2.128751661796372547e-04
2.106344542324120121e+05 1.485508017172775051e-04
3.383855153428233461e+05 1.197085030495729987e-05
5.436183620153836673e+05 5.829415347136073979e+04
8.733261623828437878e+05 8.353625469578261254e+04
1.403003723190572113e+06 8.353625469578261254e+04
2.253933904734788928e+06 8.353625469578261254e+04
3.620958350245916750e+06 8.353625469578261254e+04
5.817091329374357127e+06 8.353625469578261254e+04
9.345192145605374128e+06 8.353625469578261254e+04
1.501310728908171132e+07 8.353625469578261254e+04
2.411864699640994519e+07 8.353625469578261254e+04
3.874675120456128567e+07 8.353625469578261254e+04
6.224688843995440006e+07 8.353625469578261254e+04
1.000000000000000000e+08 8.353625469578261254e+04
