9.607599999999999696e+00 3.193664000000000000e+06
2.682280000000000086e+01 1.837620000000000000e+05
4.403799999999999670e+01 6.295800000000000000e+04
6.125319999999999965e+01 3.006900000000000000e+04
7.846840000000000259e+01 1.721400000000000000e+04
9.568359999999999843e+01 1.063700000000000000e+04
1.128987999999999943e+02 6.924000000000000000e+03
1.301140000000000043e+02 4.932000000000000000e+03
1.473292000000000144e+02 3.600000000000000000e+03
1.645443999999999960e+02 2.661000000000000000e+03
1.817595999999999776e+02 1.901000000000000000e+03
1.989748000000000161e+02 1.499000000000000000e+03
2.161899999999999977e+02 1.218000000000000000e+03
2.334051999999999794e+02 9.100000000000000000e+02
2.506204000000000178e+02 7.770000000000000000e+02
2.678355999999999995e+02 6.170000000000000000e+02
2.850507999999999811e+02 5.510000000000000000e+02
3.022659999999999627e+02 4.220000000000000000e+02
3.194812000000000012e+02 3.840000000000000000e+02
3.366963999999999828e+02 3.370000000000000000e+02
3.539116000000000213e+02 2.880000000000000000e+02
3.711268000000000029e+02 2.160000000000000000e+02
3.883419999999999845e+02 1.830000000000000000e+02
4.055571999999999662e+02 1.610000000000000000e+02
4.227724000000000046e+02 1.620000000000000000e+02
4.399875999999999863e+02 1.220000000000000000e+02
4.572027999999999679e+02 1.230000000000000000e+02
4.744180000000000064e+02 1.090000000000000000e+02
4.916331999999999880e+02 6.300000000000000000e+01
5.088483999999999696e+02 5.900000000000000000e+01
5.260635999999999513e+02 5.700000000000000000e+01
5.432788000000000466e+02 5.800000000000000000e+01
5.604939999999999145e+02 5.200000000000000000e+01
5.777092000000000098e+02 4.800000000000000000e+01
5.949243999999998778e+02 3.700000000000000000e+01
6.121395999999999731e+02 4.100000000000000000e+01
6.293548000000000684e+02 3.400000000000000000e+01
6.465699999999999363e+02 3.700000000000000000e+01
6.637852000000000317e+02 2.300000000000000000e+01
6.810003999999998996e+02 2.500000000000000000e+01
6.982155999999999949e+02 2.100000000000000000e+01
7.154307999999999765e+02 1.000000000000000000e+01
7.326459999999999582e+02 2.000000000000000000e+01
7.498612000000000535e+02 1.900000000000000000e+01
7.670763999999999214e+02 8.000000000000000000e+00
7.842916000000000167e+02 8.000000000000000000e+00
8.015067999999998847e+02 1.600000000000000000e+01
8.187219999999999800e+02 1.100000000000000000e+01
8.359372000000000753e+02 1.200000000000000000e+01
8.531523999999999432e+02 7.000000000000000000e+00
8.703676000000000386e+02 1.100000000000000000e+01
8.875827999999999065e+02 3.000000000000000000e+00
9.047980000000000018e+02 4.000000000000000000e+00
9.220131999999998698e+02 6.000000000000000000e+00
9.392283999999999651e+02 3.000000000000000000e+00
9.564436000000000604e+02 2.000000000000000000e+00
9.736587999999999283e+02 4.000000000000000000e+00
9.908740000000000236e+02 1.000000000000000000e+00
1.008089199999999892e+03 4.000000000000000000e+00
1.025304399999999987e+03 4.000000000000000000e+00
1.042519600000000082e+03 0.000000000000000000e+00
1.059734799999999950e+03 1.000000000000000000e+00
1.076949999999999818e+03 5.000000000000000000e+00
1.094165199999999913e+03 1.000000000000000000e+00
1.111380400000000009e+03 2.000000000000000000e+00
1.128595600000000104e+03 0.000000000000000000e+00
1.145810799999999972e+03 2.000000000000000000e+00
1.163025999999999840e+03 1.000000000000000000e+00
1.180241199999999935e+03 2.000000000000000000e+00
1.197456400000000031e+03 0.000000000000000000e+00
1.214671599999999899e+03 0.000000000000000000e+00
1.231886799999999994e+03 1.000000000000000000e+00
1.249101999999999862e+03 1.000000000000000000e+00
1.266317199999999957e+03 0.000000000000000000e+00
1.283532400000000052e+03 1.000000000000000000e+00
1.300747599999999920e+03 1.000000000000000000e+00
1.317962800000000016e+03 1.000000000000000000e+00
1.335177999999999884e+03 0.000000000000000000e+00
1.352393199999999979e+03 1.000000000000000000e+00
1.369608400000000074e+03 2.000000000000000000e+00
1.386823599999999942e+03 2.000000000000000000e+00
