1.600000000000000089e+00 1.080429075800331542e+06
1.843105821217932094e+00 9.879498584124405170e+05
2.123149417629642155e+00 8.296924651629857253e+05
2.445743156842909549e+00 6.718250129270101897e+05
2.817352155988179785e+00 4.720964912399718305e+05
3.245423849451690490e+00 3.043779851758935256e+05
3.738537243277449740e+00 1.867548444910599792e+05
4.306574847452941945e+00 1.163590942347840028e+05
4.960920731782026749e+00 8.081937662405539595e+04
5.714688674592609985e+00 8.348348820066000917e+04
6.582984976618641682e+00 5.951502064763390808e+04
7.583211207122505293e+00 5.525573933108400524e+04
8.735412949607844979e+00 5.213686299496999709e+04
1.006268153635295270e+01 4.951711715208800160e+04
1.159161682294645423e+01 3.934357062129400583e+04
1.335286027731269876e+01 3.352018512730500515e+04
1.538170906689045125e+01 3.000649380755150196e+04
1.771882345091652056e+01 2.710307023926740294e+04
2.041104165469815257e+01 2.467983492757540080e+04
2.351231855680990535e+01 2.198242103778300225e+04
2.708480700149171128e+01 1.978841138570889962e+04
3.120010340688347839e+01 1.763604459617540124e+04
3.594068263239272909e+01 1.633664032196280095e+04
4.140155086144328322e+01 1.483807722627280236e+04
4.769214962511027522e+01 1.379727537743780158e+04
5.493854912527334022e+01 1.342326937933540103e+04
6.328597481378663048e+01 1.282597635417889978e+04
7.290171786296347989e+01 1.278128936973300006e+04
8.397848785625953383e+01 1.258226935670540115e+04
9.673827489059459595e+01 1.237889076163890059e+04
1.114367984908971607e+02 1.182480803973789989e+04
1.283686324977888091e+02 1.118676965630420091e+04
1.478731086365375234e+02 1.068210765408150110e+04
1.703411170809962982e+02 9.778310140310899442e+03
1.962229403029683681e+02 8.328503725148499143e+03
2.260372772055624466e+02 7.383917615121500603e+03
2.603816383936394914e+02 5.543674400201500248e+03
2.999443209134873314e+02 4.459313278961500146e+03
3.455182024480673135e+02 3.741317862943899854e+03
3.980166314179931533e+02 3.257163777708899943e+03
4.584917314425342170e+02 2.892599751948899666e+03
5.281554870012648735e+02 2.276103160331200343e+03
6.084040328751391371e+02 1.758734545046200083e+03
7.008456341528971052e+02 1.386355395891399894e+03
8.073329175514855933e+02 1.114424917776800157e+03
9.300000000000002274e+02 8.200399220403999152e+02
