1.821658361200935135e-03 1.428935368638472171e-04 7.571313255127930589e-03 4.939925450430680993e-03 4.561835764216476755e-03 5.332744897633128790e-03 8.033909248457186351e-04 2.017433795529612203e-07 6.243639083807843958e-03 1.415656706524151846e-03 3.042521417290189670e-03 2.223016118257626315e-03
2.126450241479833740e-03 8.497399762010487793e-04 6.505509334108119240e-03 5.410408494760352710e-03 4.828438717653045498e-03 4.215329583401219125e-03 7.280683794765186855e-04 7.452936047357523488e-08 8.047446843407822514e-03 1.632666551714883263e-03 3.834044357249134349e-03 2.232418447004945981e-03
2.928055179406694082e-03 6.870229795308366739e-04 7.944633067403924012e-03 5.489780921039678213e-03 4.676332739821301501e-03 6.429651608115701661e-03 7.783454409682662991e-04 9.974837734446728791e-08 7.530976433892801886e-03 2.510178067922072109e-03 3.240872585456181475e-03 3.828030865458949359e-03
2.592617399953728741e-03 7.181604101101766351e-04 7.547353550129856301e-03 7.163685084245470340e-03 5.764264752129650074e-03 6.687799134670515538e-03 7.068087626026474390e-04 1.167971319082197766e-05 7.516339811944557081e-03 3.883998790610986886e-03 4.105313741950292195e-03 2.716605323172844363e-03
2.125692239144173854e-03 8.352063259964115187e-04 7.697403257169527224e-03 7.728303184555815677e-03 5.198544584684729707e-03 6.786477083833658726e-03 1.311187989018165441e-03 1.295714488435522607e-04 8.834632447765873239e-03 4.152282822054566107e-03 3.837699671506568638e-03 4.608825863754219612e-03
4.109306388486244979e-03 1.297081578685677127e-03 8.372328614894895479e-03 7.425955874440084287e-03 6.353000209212491221e-03 7.338392622488353403e-03 1.557744668833827310e-03 2.209021919043386998e-05 8.986906786669088612e-03 4.297689719292748130e-03 4.669457280831742531e-03 4.705824560650963967e-03
3.645944851139505585e-03 1.352448557727277140e-03 1.017325614338240522e-02 7.426977475124598924e-03 7.186692191912182927e-03 9.119983039214988804e-03 1.899526448930378888e-03 8.065917725673808400e-05 8.293587863986368394e-03 5.238633419200066504e-03 4.634854650129913330e-03 5.243603360402598716e-03
4.701572029477261126e-03 2.365548304602007983e-03 8.641902480437778020e-03 8.041156505191073695e-03 5.852447594121190817e-03 9.487736808796342486e-03 1.934098934448627398e-03 9.391269910989020922e-05 8.514814353949431286e-03 4.384559704418578702e-03 5.570981555968812678e-03 5.422366723088888757e-03
3.792936947072448033e-03 1.862310207794243451e-03 9.585097206796034178e-03 9.533616176819874680e-03 7.044113176279182507e-03 8.647142630209379496e-03 2.231260772784545224e-03 2.987582016365260404e-04 9.582162949722146383e-03 5.645955655937181551e-03 5.790557541031372477e-03 5.518595673054697316e-03
4.966672321568546197e-03 2.373840096665359636e-03 1.000722419292924582e-02 1.074393100834720831e-02 6.365413407638092873e-03 9.210551974183096152e-03 1.892438323673244650e-03 2.919901037014966099e-04 8.157668451950018940e-03 7.080676218836647745e-03 5.513544275051843711e-03 6.296613315187839753e-03
4.774932834799069242e-03 2.849533983581308428e-03 9.902087164055908136e-03 1.042258398008978452e-02 7.863144967676838695e-03 8.861051382088430337e-03 2.424161266644405104e-03 5.207182559538307050e-04 1.073559541055416067e-02 6.501000395459823576e-03 5.996566655746315803e-03 6.798228659271853165e-03
5.307772259188124619e-03 2.608624483993963756e-03 1.079209450792267301e-02 9.174514946149165892e-03 8.879510777171230329e-03 1.019516593800754573e-02 2.765399306528573773e-03 5.524775757392812311e-04 9.896621725195637459e-03 6.634472850165280822e-03 6.331373800745021888e-03 8.145404342457066363e-03
5.057884183180945577e-03 3.054468682471178382e-03 1.002928767583732492e-02 1.109712048080113353e-02 8.584519078002846026e-03 1.041740023550177287e-02 3.078176941417598567e-03 7.272107562465749634e-04 1.097353427126435133e-02 8.620589667128973274e-03 7.879428924668016587e-03 7.884015154944801207e-03
5.288298509897987852e-03 3.691093177391250452e-03 1.065128215961873813e-02 1.034995836135480657e-02 8.534777716155675029e-03 1.055778116367916790e-02 3.782731831691962376e-03 9.304563394197979016e-04 1.037419032579209484e-02 9.789917734735364974e-03 7.295545420701553090e-03 7.280043920960945457e-03
5.541425319923954512e-03 4.962763139347433142e-03 1.041330923642058703e-02 1.154300943284456912e-02 1.052947280607987625e-02 1.038549009408962741e-02 3.247376283193757675e-03 9.239551741272749490e-04 8.643869356321042322e-03 9.586202417272779094e-03 7.609093915397984777e-03 8.957630636469629884e-03
6.107059331865827105e-03 4.383581982144819575e-03 9.936254732689607169e-03 1.062935932722407911e-02 9.342657486782436280e-03 1.063679275683712330e-02 4.268689686370542857e-03 1.195531100397675094e-03 1.033697188873373800e-02 8.734026640134338534e-03 6.989979634721051223e-03 8.870770412177757247e-03
5.632276800126204304e-03 5.743818678254375767e-03 1.052387656320391378e-02 1.071635245811270593e-02 9.303558176212679831e-03 1.212676426895141144e-02 5.513001973622697234e-03 2.085542563649545999e-03 9.789131141341413794e-03 9.676895748727780758e-03 1.029150799396409341e-02 1.023485400302114046e-02
6.365238278049144098e-03 5.717719933298268976e-03 1.184194804972235615e-02 9.416889934119444458e-03 1.034886974898350381e-02 1.147611345431432360e-02 4.882066725046119507e-03 2.421747628228072997e-03 1.015771622701008327e-02 1.064822912121804292e-02 8.760229238931492232e-03 1.066010992855968842e-02
6.807820392434404434e-03 6.202002702023620521e-03 1.084481774833580790e-02 1.201231480912271637e-02 1.167541972885808958e-02 1.121777384824640920e-02 4.634118838538906285e-03 3.332825728159071865e-03 1.061557530795161249e-02 1.127162764926163685e-02 1.021906416766271697e-02 1.030102619254728326e-02
6.334592592373177421e-03 7.365005173487610551e-03 1.137222672054957751e-02 1.025639321125386416e-02 1.135873219316364813e-02 1.028795966058485868e-02 5.284199488908854214e-03 3.196675485654269355e-03 1.042173876789265034e-02 1.026624511018764049e-02 9.353061544812009062e-03 1.072101305389509644e-02
8.221634541620675626e-03 6.570184283049417852e-03 1.265174007524274939e-02 1.110931307561070953e-02 1.118375980438382489e-02 1.150466286467347228e-02 5.688491623086215816e-03 3.652919445455173313e-03 1.011715448673184900e-02 1.096715779570066329e-02 8.457593079601767247e-03 1.247464211960938943e-02
8.269425814085091392e-03 7.934509073804364709e-03 1.051357445999493920e-02 1.130179762808872918e-02 1.153274190426002363e-02 1.109318910355401935e-02 6.215798371510586860e-03 4.969510606574170999e-03 1.098935596455595867e-02 1.288968397405732165e-02 9.859058794751809907e-03 1.165762816072865929e-02
7.611815374264066861e-03 8.286678382268748352e-03 1.072612418892256343e-02 1.107372201654494882e-02 1.225370746475215079e-02 1.233853475725804269e-02 6.000558541862788600e-03 5.423351588255254270e-03 1.120996399391485827e-02 1.228327068222519365e-02 1.055842258871832022e-02 1.104076112196500023e-02
9.220486933006749944e-03 8.652444850098363685e-03 1.155302501091371066e-02 1.108776674532512864e-02 1.232523134054307190e-02 1.175279897374820540e-02 6.457393942301128259e-03 5.598696603206200495e-03 1.135197377747978326e-02 1.165802995036882735e-02 1.022543391782484642e-02 1.307017800003253821e-02
8.874401252175296781e-03 9.525268705916968906e-03 1.126202969050012909e-02 1.166783440387553390e-02 1.154939921565165291e-02 1.277602800233463252e-02 5.974138791270063725e-03 6.475880445929014899e-03 1.068008608857613090e-02 1.225953751156532226e-02 1.099579030666342737e-02 1.348387201428433331e-02
9.739246109545579219e-03 1.110820826238086145e-02 1.113675866040357391e-02 1.196928298963127746e-02 1.094923653835479585e-02 1.074991904796375637e-02 8.335153667895462554e-03 7.495922120241582665e-03 1.069475387871191875e-02 1.165655484702947733e-02 1.208571413656202471e-02 1.263303494046285128e-02
9.710727416561681577e-03 1.043113983437721909e-02 1.034741914260301800e-02 1.147341219033618485e-02 1.267196911212180310e-02 1.254176135765897558e-02 7.759556605583692486e-03 7.751896280877874218e-03 9.630759749619197466e-03 1.232880884788085073e-02 1.078513287713370183e-02 1.325348824184325452e-02
9.143435638314349398e-03 1.018175849696689207e-02 1.091151375578208044e-02 1.212990684759685141e-02 1.212430654629817126e-02 1.122808092180455075e-02 8.184646604552991284e-03 8.190099685202220647e-03 1.181089884889913177e-02 1.301848107182933430e-02 1.194357235950602864e-02 1.251215707202375446e-02
9.527851238648488499e-03 1.132271156292142221e-02 1.030287997238610483e-02 9.835542243926277683e-03 1.166296476613928532e-02 1.005268463858693430e-02 8.715870612624134275e-03 8.032872510162297752e-03 1.225889401551920159e-02 1.369556930533442907e-02 1.136363108239913863e-02 1.219595993499499563e-02
1.063195329502574643e-02 1.039397586236934234e-02 1.144769524171778720e-02 1.073607478034916893e-02 1.310533560107193796e-02 1.185957241058603791e-02 7.912051992149508189e-03 9.473474711935917295e-03 1.181642351224280151e-02 1.307819092470677291e-02 1.313935108657007626e-02 1.260149312040862064e-02
9.915386306214576256e-03 1.249856414291378344e-02 1.147569282132575308e-02 1.169656827083579570e-02 1.317033689321497544e-02 1.128277170812889280e-02 8.830442503706873933e-03 9.843612706952959562e-03 1.034570600321709118e-02 1.294509907792685925e-02 1.062042569696512555e-02 1.230643607945232018e-02
1.046861971261118379e-02 1.224854063464589880e-02 1.051022867089722833e-02 1.307841977845659170e-02 1.149645348862734888e-02 1.215031885009900010e-02 8.711523770145860809e-03 1.179413711045434673e-02 1.084068486349946091e-02 1.154917107364360727e-02 1.146794041512808407e-02 1.239805896332422767e-02
1.046399492103317064e-02 1.280319617305583808e-02 1.140768532557937323e-02 1.066074327377239221e-02 1.214221036524853505e-02 1.129124975156303376e-02 9.408100476195812786e-03 1.174130715348091492e-02 1.002464614283143929e-02 1.163656019955288702e-02 1.240536029747656664e-02 1.109465578008416060e-02
1.108714688856128963e-02 1.088889023169319591e-02 1.126614279999518450e-02 1.150329996286370698e-02 1.136014018785807059e-02 9.365821436618671642e-03 9.311699037174327523e-03 1.140874761254077017e-02 1.172226658609557340e-02 1.118261194581044761e-02 1.261976276816567655e-02 1.170646514301884426e-02
1.040624335761042817e-02 1.285754431006159472e-02 9.928021129545803319e-03 1.271092673975731703e-02 1.464054715020898616e-02 1.111001935007235528e-02 9.405174419164196928e-03 1.156279237024713386e-02 1.193007575655597417e-02 1.314438938092619448e-02 1.157738167861586606e-02 1.193237852896097788e-02
1.176046702914220789e-02 1.223784224548516396e-02 1.074624183728298786e-02 1.062425413616538590e-02 1.107270576862790998e-02 1.099688060733465013e-02 1.066974973632606009e-02 1.284810938528170403e-02 1.158169694281524671e-02 1.278760688125164281e-02 1.253024289338183599e-02 1.154559579084471314e-02
1.204959778089874887e-02 1.282399103538958349e-02 1.014339477303845445e-02 1.174533650123594543e-02 1.211519268902319472e-02 1.074623769030604199e-02 1.038249504487907121e-02 1.410412780626520493e-02 1.279833443359488024e-02 1.188455710248276752e-02 1.197569380085567251e-02 1.331351366394576026e-02
1.228620895881164105e-02 1.276925880794671855e-02 1.014575627516911722e-02 1.127539298373410846e-02 1.142224164360198212e-02 1.022385946646388842e-02 1.007684512965635257e-02 1.331305793866878820e-02 1.041369172693328363e-02 1.118917325771427371e-02 1.331525378279216180e-02 1.250611002823481983e-02
1.130814273132172559e-02 1.244666854394933797e-02 9.881581567148337367e-03 1.045020014086809126e-02 1.156934832150232836e-02 1.105550194732922258e-02 1.077200214583064371e-02 1.346290816284929220e-02 1.007825853879038523e-02 1.137713198258406139e-02 1.468780912881731578e-02 1.044166624309053777e-02
1.215753395838178701e-02 1.408291013779673986e-02 1.067240946964720730e-02 9.479585062823769198e-03 1.140348403032493199e-02 1.056952688649498602e-02 9.528016411029800736e-03 1.490461649764385742e-02 1.015526007877666850e-02 1.124287680324888121e-02 1.278401433066388496e-02 1.134130416108373139e-02
1.103191786069047595e-02 1.494678932047340328e-02 1.116433888520543087e-02 8.525313618297150967e-03 1.198615840172819955e-02 9.941794084119472130e-03 1.119678751431978092e-02 1.378835073276537052e-02 1.159095675830802349e-02 1.128400936473583985e-02 1.245994884003679901e-02 1.151978210159379512e-02
1.113682294186786430e-02 1.229232719600892136e-02 9.083409946067658863e-03 1.016725644895870306e-02 1.038487073102205109e-02 1.028220192620985310e-02 1.005584471647513398e-02 1.308307061905093424e-02 1.033522177909936696e-02 1.128160604280765630e-02 1.169073170550770889e-02 1.154481198188347588e-02
1.144944529077690683e-02 1.152499133437710245e-02 9.445334212093403278e-03 1.083115781271687048e-02 1.214147814706393984e-02 1.110698511153722541e-02 1.066721669769516920e-02 1.396597549004426758e-02 1.049176909219826613e-02 1.286458288379376501e-02 1.283634345969521771e-02 1.219263255870730103e-02
1.168233204598806592e-02 1.204525988563318398e-02 1.099545513789158303e-02 1.077393134778968295e-02 1.207824708938445499e-02 1.051920449023815117e-02 1.187917859839916768e-02 1.378591368477746250e-02 1.066560768483316296e-02 1.214898825476610870e-02 1.312531935830342326e-02 1.301537291680945896e-02
1.276992357816425332e-02 1.137763921432105065e-02 9.615716029416167265e-03 1.015706314010095951e-02 1.163019068696507369e-02 1.070945940122049710e-02 9.909802095278412437e-03 1.388675494337876688e-02 1.153847764476792839e-02 9.299816552002460046e-03 1.196861230092830658e-02 1.175724025598993798e-02
1.116540302041733185e-02 1.170309634391131920e-02 9.306518141842577349e-03 1.052042830185387703e-02 1.348298379539970664e-02 9.778798587402248374e-03 1.224513119678553516e-02 1.376176330265012002e-02 1.005263360927914108e-02 1.301085706256915886e-02 1.322111238057860350e-02 1.179678854379375211e-02
1.154433877931938107e-02 1.233329542700279009e-02 1.148577754957863864e-02 1.076567164386284074e-02 1.147877745272581768e-02 9.424788900395851543e-03 1.355272628282816645e-02 1.387220547300267205e-02 1.079317923198616809e-02 1.225560687109364909e-02 1.347807209337929801e-02 1.117601211162763848e-02
1.240370765123346465e-02 1.317976710804736294e-02 9.785326421824495913e-03 1.015051998599290385e-02 1.252595018281722761e-02 1.026026535698094065e-02 1.254297015047572440e-02 1.536516858385733944e-02 1.263528563053459980e-02 1.177331843242731234e-02 1.456178930491675190e-02 1.141989557254119957e-02
1.186087455946289830e-02 1.237098734202499162e-02 9.350903033814523049e-03 9.633786923474253749e-03 1.225056626837870387e-02 1.133812493208374503e-02 1.242593837842422694e-02 1.426418147180807949e-02 1.117484193280971448e-02 1.143148540883147900e-02 1.415064321811981655e-02 1.046929480982559078e-02
1.314170746568940618e-02 1.153969273513481830e-02 9.609773459917108143e-03 1.034272861430466164e-02 1.148603499006041820e-02 8.886391684827755696e-03 1.085241188886289926e-02 1.426675490812199382e-02 1.048046423649224949e-02 1.275721025311335639e-02 1.310807369072245800e-02 1.319114216739799943e-02
1.075930797504763559e-02 1.281950343298627996e-02 9.995297647284082446e-03 1.082355414759916118e-02 1.144040681737891127e-02 1.003900655735844027e-02 1.150718164618423807e-02 1.304436928842722145e-02 9.885137106760645900e-03 1.186150230852316308e-02 1.269902589270392387e-02 1.184750782277333575e-02
1.236378434582894453e-02 1.212969656745783650e-02 9.664772093182750004e-03 1.100991887082789118e-02 1.025900860712222404e-02 9.507249289792187377e-03 1.436622809179895037e-02 1.395361990873904973e-02 1.092747167227979370e-02 1.103325756759214113e-02 1.353043802568816394e-02 1.154599500279055758e-02
1.246374366557282190e-02 1.243689449512522249e-02 1.169881888309826611e-02 1.049640023091941328e-02 1.215093760015442843e-02 8.987021261528770413e-03 1.242243598894924271e-02 1.299414778992916651e-02 9.715381750707109687e-03 1.263911686795191752e-02 1.234209613435602315e-02 1.107834927055416883e-02
1.078703766039317349e-02 1.028802441059405680e-02 1.002382057602625547e-02 9.699727754525176715e-03 1.111131446827768633e-02 1.047209383758754102e-02 1.398613625074121396e-02 1.402373462791388359e-02 9.477710272515121881e-03 1.180613227793992324e-02 1.333566631772494480e-02 1.101464585947055028e-02
1.067863849932357105e-02 1.319860156212426978e-02 9.636371751640478503e-03 1.013436312558116566e-02 1.167791327953231206e-02 1.013631552798345721e-02 1.382792450210883727e-02 1.367880153993464472e-02 8.731364672087718951e-03 1.180951080784111568e-02 1.269060037832235588e-02 1.135659626205538612e-02
1.152869653731792600e-02 1.141511223134520150e-02 1.014264026130270654e-02 1.032776510650956943e-02 1.129360131253306053e-02 9.647976420692459115e-03 1.321348916026008312e-02 1.399692401496353475e-02 1.021228832105727791e-02 1.291117100566276099e-02 1.435863684121079474e-02 1.022652225609817743e-02
1.053326538492675539e-02 1.139889530796582562e-02 1.070822987627448666e-02 1.030647158037637130e-02 1.184597798784922662e-02 1.158315930983157792e-02 1.471171489065889286e-02 1.457425727427048498e-02 1.004897921598096357e-02 1.115988824043795576e-02 1.341396943108720020e-02 1.063383163074585816e-02
1.268818738264673555e-02 1.245045081158405523e-02 1.025310995979619895e-02 9.454949004560855852e-03 1.106319258203440625e-02 1.054665162833264350e-02 1.243054139285755359e-02 1.484172506916739236e-02 9.746877223014196664e-03 1.135913066806770906e-02 1.380941766269506640e-02 1.265958689517509249e-02
1.275060151759915307e-02 1.135292312520016535e-02 1.149150906795362581e-02 1.043584270109174442e-02 1.095394736662674839e-02 9.814193292870946814e-03 1.289713042864615647e-02 1.197570082627521550e-02 1.019244570612551533e-02 1.349333283205637023e-02 1.301803005938818522e-02 1.222836573254215860e-02
1.274083077134747534e-02 1.234321178739702062e-02 1.053549542675356367e-02 1.015114723374536086e-02 1.086308490191415822e-02 1.044665929026065629e-02 1.331762409974523824e-02 1.352336535375897944e-02 1.040078676405901265e-02 1.139245799982373415e-02 1.284674415809444054e-02 1.069654411044918159e-02
1.214031227720188677e-02 1.109063804443872862e-02 9.318845408276033720e-03 1.017129772239345163e-02 1.133281830697128144e-02 1.130127792323252015e-02 1.397176787726488005e-02 1.417497377035857944e-02 1.044767852529372536e-02 1.174146784823171426e-02 1.328324959664342435e-02 1.193259120479546811e-02
1.145654848800610817e-02 1.237792940029957232e-02 1.029329437804241826e-02 1.067719357387453966e-02 1.249404585729990171e-02 1.079911815968073382e-02 1.310732946384125623e-02 1.360844841813663858e-02 1.232192521269278272e-02 1.204044411633750644e-02 1.245539179586372877e-02 1.330061450067703509e-02
1.329443062506586136e-02 1.275065035401078822e-02 1.095444538601401951e-02 1.012581489927764054e-02 1.108416209162877038e-02 1.160056696014642209e-02 1.433017977746105058e-02 1.376339274642568271e-02 1.146220597397624823e-02 1.251630272870664883e-02 1.323495274176824180e-02 1.292479881538929377e-02
1.163405624302897914e-02 1.285737509468268258e-02 1.141996324160537979e-02 1.059070289577239594e-02 1.270681146430357490e-02 1.160080677364028548e-02 1.500697569199063372e-02 1.325331154931538163e-02 1.091196230332950289e-02 1.262581496987312708e-02 1.424038353233410097e-02 1.281734302265184408e-02
1.410924466178866549e-02 1.275557587709876331e-02 9.855693734878488363e-03 1.010320022608825891e-02 1.164013260356503918e-02 1.098266510961074492e-02 1.318548594429446406e-02 1.328100816455347541e-02 9.691877717883665491e-03 1.368725512437856534e-02 1.326387951279460638e-02 1.223050462376158547e-02
1.149448051047528320e-02 1.269846047135249519e-02 9.691610270713635344e-03 1.099847530662770301e-02 1.162047787508994207e-02 1.065548089979907395e-02 1.394060779419576714e-02 1.214234874747215087e-02 1.137591097193856385e-02 1.186722802312421311e-02 1.334495240326015290e-02 1.308152730274586562e-02
1.242123403416697976e-02 1.277260158006288636e-02 9.741944098893591877e-03 1.075773025536271715e-02 1.206965882709004796e-02 1.043770321038723671e-02 1.499552315586917192e-02 1.297790872467113714e-02 1.055348935712105071e-02 1.260966734531950365e-02 1.443839357361948253e-02 1.240406428556703293e-02
1.269065044969415294e-02 1.247601302685446764e-02 1.096268522861239096e-02 1.118417169075825932e-02 1.179809038668666078e-02 1.120910192489949636e-02 1.459375222260751205e-02 1.586215238467107713e-02 1.031151931455553256e-02 1.271996700795056771e-02 1.359446308208470469e-02 1.188331758134081664e-02
1.170190278249310344e-02 1.194230323503801816e-02 1.099967695785589346e-02 1.058446265150423532e-02 1.168788727967145016e-02 1.061687267355400019e-02 1.555403994650793494e-02 1.404571042919207716e-02 1.063851469915111370e-02 1.320018644361722546e-02 1.177050619064239252e-02 1.184419772395472852e-02
1.043466176776626335e-02 1.338752181825950474e-02 1.148795832555945216e-02 1.094101091447526389e-02 1.214466863887690186e-02 1.183052367305141225e-02 1.519864525417429987e-02 1.484338507821489697e-02 1.124780442109986345e-02 1.223472455269452620e-02 1.255585714822364529e-02 1.238546715333867926e-02
1.259332249262296206e-02 1.295112471714844095e-02 1.043789216521994953e-02 1.193564709892786999e-02 1.221316397630809250e-02 1.218078788391477492e-02 1.655385672920727316e-02 1.518972852646021873e-02 1.251993500004354443e-02 1.297973161523257625e-02 1.204274124340353087e-02 1.327295283885128463e-02
1.294510076555101079e-02 1.246469316595431864e-02 1.146715364095115403e-02 1.110062204474022984e-02 1.124657089927554900e-02 1.177877437566344013e-02 1.630224966224112088e-02 1.311060611757226303e-02 1.211855780931098830e-02 1.225489132939462482e-02 1.119268113136616914e-02 1.287876727433167820e-02
1.278358987093358885e-02 1.435820659809158156e-02 1.120062443269721937e-02 1.111579013120716879e-02 1.045670774981239358e-02 1.121226230648610968e-02 1.735708602523298658e-02 1.484630803833851889e-02 1.091689001945262208e-02 1.249638443866537239e-02 1.207762807177357491e-02 1.196804309074989657e-02
1.345369315114633424e-02 1.335868495612684351e-02 1.068282820359662405e-02 1.132902408118972512e-02 1.209376747643591335e-02 1.108723897717365202e-02 1.490004587586036232e-02 1.411267202202638391e-02 1.054017216424002999e-02 1.253442451818555931e-02 1.005125226807303956e-02 1.208615152062243563e-02
1.134907476639118729e-02 1.285374506731370471e-02 1.203789110309556529e-02 1.176900014773046496e-02 1.145767601782862397e-02 1.151998705854414759e-02 1.321326455952242379e-02 1.333660380516024299e-02 9.177525609266403567e-03 1.252671408911768501e-02 1.098279170787332809e-02 1.173958872316262225e-02
1.380815352126500348e-02 1.288947557418661238e-02 9.339796108992298729e-03 1.123059427568762723e-02 1.083703066806021575e-02 1.167489891898023519e-02 1.459148153348917808e-02 1.554877832683813736e-02 9.675924971224164270e-03 1.270590754494249283e-02 1.149834689289636752e-02 1.330902084053164208e-02
1.438963449866808089e-02 1.394735097153943122e-02 1.094958899035445091e-02 1.120362916166853413e-02 1.128917186258453741e-02 1.112649228627014646e-02 1.476566639838251468e-02 1.568179756145775608e-02 1.101243945157204598e-02 1.094447718200138031e-02 1.109986184488718011e-02 1.365202769831241197e-02
1.225054419003427167e-02 1.417101766243360900e-02 9.913259823833361559e-03 1.209298022950851953e-02 9.749668602640051973e-03 1.124782022515963438e-02 1.479015010360787939e-02 1.519929366786441742e-02 9.964390941317121525e-03 1.245768367943778272e-02 1.131483423278989604e-02 1.301837962036463126e-02
1.297837533487370895e-02 1.363383996254604116e-02 9.979959051028462758e-03 1.068268373753876281e-02 9.638763831346429042e-03 1.222849022786160617e-02 1.593515796878419363e-02 1.372407429029263472e-02 1.028470218738024300e-02 1.185499169355562661e-02 1.098146926620365699e-02 1.299942523150408175e-02
1.341501962974957218e-02 1.256053507625736441e-02 1.037700802153048406e-02 1.129304050966527945e-02 9.940350703631813112e-03 1.098874467950653605e-02 1.451999244995103196e-02 1.468199501826495876e-02 9.976553685917786962e-03 1.510669325840187198e-02 1.027623035453213360e-02 1.174938405691188480e-02
1.341308714407424794e-02 1.282927635269008083e-02 1.105217523399058127e-02 1.055329526356281987e-02 1.065849953480042973e-02 1.095191844736657927e-02 1.549990367994873511e-02 1.407237104139851154e-02 1.063621064634937170e-02 1.056876239829500005e-02 1.072203942714890050e-02 1.190174426284227455e-02
1.291388527049786017e-02 1.191574477243272610e-02 9.523710705493940512e-03 1.067409577905154873e-02 8.708610782524391081e-03 1.031057951480955984e-02 1.522603853769954538e-02 1.575888546204888552e-02 1.025138808011361556e-02 1.069352179344568859e-02 9.399544044416738645e-03 1.045367629420817721e-02
1.306426629603542160e-02 1.397624646886539215e-02 9.467559486257468709e-03 1.162846511413755807e-02 9.397341524079181121e-03 1.009330959021679901e-02 1.374546431577548973e-02 1.301368444812742685e-02 9.245757357977908014e-03 1.060815283174988514e-02 8.498813665836636722e-03 1.091571943281754997e-02
1.317921818407302194e-02 1.326731057833093787e-02 1.053887659931006769e-02 1.053344193677629298e-02 9.910554999130847739e-03 1.049080692996171016e-02 1.304898650571384953e-02 1.205786376947636483e-02 1.067757631547353384e-02 9.818920870256989814e-03 8.578382555164340562e-03 9.808138450190451857e-03
1.387896625862196712e-02 1.283538227314601037e-02 1.074854738724291894e-02 1.142944343034529159e-02 9.180400060805509951e-03 1.055913642162811632e-02 1.395850606395582921e-02 1.284163641341918433e-02 9.660376097539570203e-03 1.005020400872742165e-02 8.174262450951538111e-03 1.052898289829132771e-02
1.215630381149626280e-02 1.508548587943527725e-02 9.580169815674634964e-03 9.591770972040671375e-03 8.617030010276503088e-03 9.407949827786227237e-03 1.417514761103173815e-02 1.456082545498483920e-02 1.050597356761526387e-02 9.169282488247755547e-03 9.628442131273565879e-03 9.408840541974638691e-03
1.181371502704093961e-02 1.140825053328056032e-02 1.053602569738245481e-02 9.842536750855562441e-03 7.366556539103020704e-03 1.057582914725520296e-02 1.412571465004249828e-02 1.285097315185101778e-02 1.012970299255929428e-02 9.407406625337544001e-03 7.579588900951519069e-03 8.403949406643056869e-03
1.322410153167010924e-02 1.153537411681881779e-02 9.341907431486910426e-03 9.799177655583281299e-03 8.271712900950438027e-03 9.408550682804484727e-03 1.177799333391122208e-02 1.449521781034223723e-02 9.133874102652898494e-03 8.678742394977206898e-03 8.086441000060028139e-03 8.386034321944907041e-03
1.207997926242995040e-02 1.293523061625670260e-02 8.711129532233546913e-03 8.283318972602900579e-03 8.264157159507555875e-03 9.708200118471645851e-03 1.166241423022996646e-02 1.353846932387567370e-02 9.248229715256951061e-03 6.859440533176637891e-03 8.362774927848053499e-03 7.418324351664749849e-03
1.267447107021983481e-02 1.175588092539477103e-02 8.851769010362673176e-03 8.824298268404941886e-03 8.233175581844226140e-03 9.174926378630644114e-03 1.151978620973430692e-02 1.185706174753078934e-02 8.359190564187019001e-03 6.316918240589703901e-03 6.506681112263149568e-03 9.052890869073203228e-03
1.225500406776540083e-02 9.277600969636506933e-03 9.848577312288310515e-03 1.000067732567192814e-02 7.325538238162896884e-03 8.217839898831803477e-03 1.313278549515855230e-02 1.152996344742608995e-02 7.617228623116679108e-03 7.129945378457711730e-03 6.308627748823398065e-03 6.869847349797354383e-03
1.131213587105651085e-02 1.007709600845861815e-02 7.980007431324169856e-03 7.160339929623066833e-03 7.220245824613188632e-03 8.647471417598097052e-03 1.120375555396219136e-02 1.145417612401975795e-02 7.762643939968803808e-03 6.739185945372988193e-03 6.280900336044225284e-03 6.822495877371709608e-03
8.973344898210246917e-03 1.019813832687466691e-02 9.308781806849080950e-03 8.229238909992997453e-03 7.135897247416956267e-03 7.218573494406925820e-03 1.279612583518325436e-02 1.067092974358197985e-02 8.426896955211997733e-03 6.024997656151815859e-03 5.484446400245104013e-03 5.134773307906977287e-03
9.602263190514367941e-03 1.024448563444789635e-02 8.193914042459523803e-03 7.665952993035005970e-03 5.708303641406741596e-03 6.516392825015891732e-03 1.023694284981214488e-02 1.007413056106673532e-02 7.519815900790253159e-03 5.414735934358410469e-03 5.396569182298495242e-03 5.577996726112914583e-03
9.732431477337006448e-03 1.036369110416977303e-02 8.837970103908665206e-03 7.234880389858254143e-03 5.661061969038307280e-03 5.918255765463008820e-03 9.269190711561372392e-03 1.170436560868024292e-02 8.790499585349142650e-03 3.635767505694246712e-03 6.673265612514705028e-03 5.184762564649855396e-03
8.691874003523706108e-03 9.827029960769307140e-03 6.954214821142610733e-03 6.571910824260684264e-03 5.332730174004395030e-03 5.797425423597093314e-03 9.750103255972522240e-03 8.768805095927038190e-03 6.959324712332358269e-03 4.012732771908059798e-03 4.622811458140178680e-03 3.793868763381279350e-03
8.778717783544862791e-03 8.371020921660558486e-03 6.985522916520389182e-03 6.104757756876430172e-03 5.648080219366431037e-03 7.300288009813258108e-03 9.349698594065090559e-03 8.869173495542387667e-03 7.246767849625324401e-03 4.116403084661811665e-03 4.288255234405249916e-03 3.250921966816359542e-03
8.057830579482385888e-03 8.202345227468777963e-03 7.504789619235025661e-03 5.459450258778328867e-03 4.523935188801248702e-03 6.512395461647451853e-03 8.623079664502930619e-03 8.876263700769392723e-03 7.465525854363809499e-03 2.827435259873196417e-03 3.266650469543824244e-03 3.594998719280648354e-03
6.868441688254989762e-03 8.201802096429436709e-03 6.709517940875631657e-03 5.152052215440783983e-03 5.340638661824171837e-03 5.195549022743701714e-03 7.495529392639173685e-03 7.937696005780104855e-03 5.925532010356901816e-03 2.880645520176559633e-03 4.152306294187738979e-03 2.231417684747021967e-03
7.622839872893832913e-03 7.120555455643125427e-03 6.836975646297101250e-03 5.534209220072252092e-03 3.886203307580301906e-03 4.379124527591625633e-03 6.518658690510986155e-03 6.172006372064092056e-03 6.086619650865618923e-03 1.622891942574735064e-03 3.280775808862993609e-03 2.253135577046573145e-03
