-4.949152984904562902e-01 -4.946526848583735481e-01 -4.949623064352106083e-01 -4.949548567254632436e-01 -4.949519966911729019e-01 -4.949826230460918630e-01 -4.949803287470766477e-01 -4.934935464515936565e-01 -4.949864093119291097e-01 -4.949961057641991680e-01 -4.949413781642817423e-01 -4.948791595767678131e-01
-4.849179693433802174e-01 -4.846566136126542745e-01 -4.849627359984104991e-01 -4.849558430514643859e-01 -4.849525082902273465e-01 -4.849830849381940867e-01 -4.849807492750763394e-01 -4.835088478326383110e-01 -4.849875922024080022e-01 -4.849982354399254847e-01 -4.849439398288438174e-01 -4.848811175986370015e-01
-4.749206401963041446e-01 -4.746605423669350565e-01 -4.749631655616103898e-01 -4.749568293774655281e-01 -4.749530198892817912e-01 -4.749835468302963659e-01 -4.749811698030760310e-01 -4.735241492136829100e-01 -4.749887750928869501e-01 -4.750003651156518014e-01 -4.749465014934058926e-01 -4.748830756205061898e-01
-4.649233110492280718e-01 -4.646644711212157830e-01 -4.649635951248103360e-01 -4.649578157034666148e-01 -4.649535314883362913e-01 -4.649840087223985896e-01 -4.649815903310757781e-01 -4.635394505947275645e-01 -4.649899579833658425e-01 -4.650024947913781181e-01 -4.649490631579679678e-01 -4.648850336423753782e-01
-4.549259819021519990e-01 -4.546683998754965650e-01 -4.549640246880102268e-01 -4.549588020294677571e-01 -4.549540430873907360e-01 -4.549844706145008133e-01 -4.549820108590754697e-01 -4.535547519757721635e-01 -4.549911408738447904e-01 -4.550046244671044349e-01 -4.549516248225300430e-01 -4.548869916642445665e-01
-4.449286527550759263e-01 -4.446723286297772915e-01 -4.449644542512101175e-01 -4.449597883554688993e-01 -4.449545546864451806e-01 -4.449849325066030925e-01 -4.449824313870751613e-01 -4.435700533568168180e-01 -4.449923237643236829e-01 -4.450067541428307516e-01 -4.449541864870920627e-01 -4.448889496861137549e-01
-4.349313236079998535e-01 -4.346762573840580735e-01 -4.349648838144100083e-01 -4.349607746814699860e-01 -4.349550662854996252e-01 -4.349853943987053162e-01 -4.349828519150748529e-01 -4.335853547378614170e-01 -4.349935066548026308e-01 -4.350088838185570683e-01 -4.349567481516541378e-01 -4.348909077079829433e-01
-4.249339944609237807e-01 -4.246801861383387999e-01 -4.249653133776098990e-01 -4.249617610074711282e-01 -4.249555778845540699e-01 -4.249858562908075399e-01 -4.249832724430745445e-01 -4.236006561189060715e-01 -4.249946895452815232e-01 -4.250110134942834406e-01 -4.249593098162162130e-01 -4.248928657298521316e-01
-4.149366653138477079e-01 -4.146841148926195819e-01 -4.149657429408097897e-01 -4.149627473334722705e-01 -4.149560894836085145e-01 -4.149863181829097636e-01 -4.149836929710742361e-01 -4.136159574999507260e-01 -4.149958724357604156e-01 -4.150131431700097573e-01 -4.149618714807782882e-01 -4.148948237517213200e-01
-4.049393361667716351e-01 -4.046880436469003084e-01 -4.049661725040096805e-01 -4.049637336594734127e-01 -4.049566010826629592e-01 -4.049867800750120428e-01 -4.049841134990739278e-01 -4.036312588809953250e-01 -4.049970553262393635e-01 -4.050152728457360740e-01 -4.049644331453403634e-01 -4.048967817735905084e-01
-3.949420070196955623e-01 -3.946919724011810904e-01 -3.949666020672095712e-01 -3.949647199854745550e-01 -3.949571126817174038e-01 -3.949872419671142665e-01 -3.949845340270736749e-01 -3.936465602620399240e-01 -3.949982382167182560e-01 -3.950174025214623907e-01 -3.949669948099024386e-01 -3.948987397954596967e-01
-3.849446778726194895e-01 -3.846959011554618169e-01 -3.849670316304095175e-01 -3.849657063114756417e-01 -3.849576242807719040e-01 -3.849877038592165457e-01 -3.849849545550733665e-01 -3.836618616430845785e-01 -3.849994211071972039e-01 -3.850195321971887075e-01 -3.849695564744645138e-01 -3.849006978173288851e-01
-3.749473487255433612e-01 -3.746998299097425988e-01 -3.749674611936094082e-01 -3.749666926374767839e-01 -3.749581358798263486e-01 -3.749881657513187694e-01 -3.749853750830730581e-01 -3.736771630241292330e-01 -3.750006039976760963e-01 -3.750216618729150242e-01 -3.749721181390265334e-01 -3.749026558391981290e-01
-3.649500195784672885e-01 -3.647037586640233253e-01 -3.649678907568092989e-01 -3.649676789634779261e-01 -3.649586474788807933e-01 -3.649886276434209931e-01 -3.649857956110727497e-01 -3.636924644051738875e-01 -3.650017868881549887e-01 -3.650237915486413409e-01 -3.649746798035886641e-01 -3.649046138610673173e-01
-3.549526904313912157e-01 -3.547076874183040518e-01 -3.549683203200091897e-01 -3.549686652894790129e-01 -3.549591590779352379e-01 -3.549890895355232168e-01 -3.549862161390724413e-01 -3.537077657862184865e-01 -3.550029697786338811e-01 -3.550259212243677132e-01 -3.549772414681506838e-01 -3.549065718829365057e-01
-3.449553612843151429e-01 -3.447116161725848338e-01 -3.449687498832091359e-01 -3.449696516154801551e-01 -3.449596706769897381e-01 -3.449895514276254405e-01 -3.449866366670721884e-01 -3.437230671672630855e-01 -3.450041526691128291e-01 -3.450280509000940299e-01 -3.449798031327127590e-01 -3.449085299048056941e-01
-3.349580321372390701e-01 -3.347155449268656158e-01 -3.349691794464090266e-01 -3.349706379414812973e-01 -3.349601822760441827e-01 -3.349900133197277197e-01 -3.349870571950718245e-01 -3.337383685483077400e-01 -3.350053355595917770e-01 -3.350301805758203466e-01 -3.349823647972748342e-01 -3.349104879266748824e-01
-3.249607029901629973e-01 -3.247194736811463422e-01 -3.249696090096089174e-01 -3.249716242674824396e-01 -3.249606938750986274e-01 -3.249904752118299989e-01 -3.249874777230715717e-01 -3.237536699293523945e-01 -3.250065184500706694e-01 -3.250323102515466633e-01 -3.249849264618369094e-01 -3.249124459485440708e-01
-3.149633738430869245e-01 -3.147234024354270687e-01 -3.149700385728088081e-01 -3.149726105934835818e-01 -3.149612054741530720e-01 -3.149909371039322226e-01 -3.149878982510712633e-01 -3.137689713103969935e-01 -3.150077013405495618e-01 -3.150344399272729801e-01 -3.149874881263989845e-01 -3.149144039704132592e-01
-3.049660446960108517e-01 -3.047273311897078507e-01 -3.049704681360086989e-01 -3.049735969194846685e-01 -3.049617170732075166e-01 -3.049913989960344463e-01 -3.049883187790709549e-01 -3.037842726914415925e-01 -3.050088842310284543e-01 -3.050365696029992968e-01 -3.049900497909610042e-01 -3.049163619922824475e-01
-2.949687155489347790e-01 -2.947312599439886327e-01 -2.949708976992085896e-01 -2.949745832454858108e-01 -2.949622286722619613e-01 -2.949918608881366699e-01 -2.949887393070706465e-01 -2.937995740724862470e-01 -2.950100671215074022e-01 -2.950386992787256135e-01 -2.949926114555231349e-01 -2.949183200141516359e-01
-2.849713864018587062e-01 -2.847351886982693592e-01 -2.849713272624084803e-01 -2.849755695714869530e-01 -2.849627402713164059e-01 -2.849923227802388936e-01 -2.849891598350703381e-01 -2.838148754535309015e-01 -2.850112500119863501e-01 -2.850408289544519302e-01 -2.849951731200851546e-01 -2.849202780360208243e-01
-2.749740572547826334e-01 -2.747391174525500857e-01 -2.749717568256083711e-01 -2.749765558974880397e-01 -2.749632518703708506e-01 -2.749927846723411728e-01 -2.749895803630700852e-01 -2.738301768345755560e-01 -2.750124329024652425e-01 -2.750429586301782470e-01 -2.749977347846472298e-01 -2.749222360578900126e-01
-2.649767281077065606e-01 -2.647430462068308676e-01 -2.649721863888082618e-01 -2.649775422234891820e-01 -2.649637634694252952e-01 -2.649932465644433965e-01 -2.649900008910697213e-01 -2.638454782156201550e-01 -2.650136157929441350e-01 -2.650450883059045637e-01 -2.650002964492093049e-01 -2.649241940797592010e-01
-2.549793989606304878e-01 -2.547469749611115941e-01 -2.549726159520082081e-01 -2.549785285494903242e-01 -2.549642750684797954e-01 -2.549937084565456757e-01 -2.549904214190694685e-01 -2.538607795966647540e-01 -2.550147986834230829e-01 -2.550472179816308804e-01 -2.550028581137713801e-01 -2.549261521016283893e-01
-2.449820698135544150e-01 -2.447509037153923483e-01 -2.449730455152080988e-01 -2.449795148754914664e-01 -2.449647866675342400e-01 -2.449941703486478994e-01 -2.449908419470691601e-01 -2.438760809777094085e-01 -2.450159815739019753e-01 -2.450493476573572249e-01 -2.450054197783334553e-01 -2.449281101234975777e-01
-2.349847406664783422e-01 -2.347548324696731026e-01 -2.349734750784079895e-01 -2.349805012014926087e-01 -2.349652982665886847e-01 -2.349946322407501231e-01 -2.349912624750688517e-01 -2.338913823587540630e-01 -2.350171644643809232e-01 -2.350514773330835139e-01 -2.350079814428955305e-01 -2.349300681453667661e-01
-2.249874115194022695e-01 -2.247587612239538846e-01 -2.249739046416078803e-01 -2.249814875274936954e-01 -2.249658098656431293e-01 -2.249950941328523468e-01 -2.249916830030685433e-01 -2.239066837397986620e-01 -2.250183473548598156e-01 -2.250536070088098861e-01 -2.250105431074576057e-01 -2.249320261672359544e-01
-2.149900823723261967e-01 -2.147626899782346110e-01 -2.149743342048077710e-01 -2.149824738534948376e-01 -2.149663214646975740e-01 -2.149955560249546260e-01 -2.149921035310682349e-01 -2.139219851208433165e-01 -2.150195302453387081e-01 -2.150557366845362028e-01 -2.150131047720196253e-01 -2.149339841891051428e-01
-2.049927532252501239e-01 -2.047666187325153930e-01 -2.049747637680077172e-01 -2.049834601794959799e-01 -2.049668330637520741e-01 -2.049960179170568497e-01 -2.049925240590679820e-01 -2.039372865018879155e-01 -2.050207131358176560e-01 -2.050578663602625196e-01 -2.050156664365817005e-01 -2.049359422109743312e-01
-1.949954240781740511e-01 -1.947705474867961195e-01 -1.949751933312076080e-01 -1.949844465054970666e-01 -1.949673446628065188e-01 -1.949964798091590734e-01 -1.949929445870676736e-01 -1.939525878829325700e-01 -1.950218960262965484e-01 -1.950599960359888363e-01 -1.950182281011437757e-01 -1.949379002328435195e-01
-1.849980949310979783e-01 -1.847744762410769015e-01 -1.849756228944074987e-01 -1.849854328314982088e-01 -1.849678562618609634e-01 -1.849969417012613526e-01 -1.849933651150673652e-01 -1.839678892639771690e-01 -1.850230789167754963e-01 -1.850621257117151530e-01 -1.850207897657058509e-01 -1.849398582547127079e-01
-1.750007657840219055e-01 -1.747784049953576280e-01 -1.749760524576073895e-01 -1.749864191574993511e-01 -1.749683678609154081e-01 -1.749974035933635763e-01 -1.749937856430670569e-01 -1.739831906450218235e-01 -1.750242618072543888e-01 -1.750642553874414697e-01 -1.750233514302679261e-01 -1.749418162765818963e-01
-1.650034366369458327e-01 -1.647823337496383544e-01 -1.649764820208072802e-01 -1.649874054835004933e-01 -1.649688794599698527e-01 -1.649978654854658000e-01 -1.649942061710667485e-01 -1.639984920260664780e-01 -1.650254446977332812e-01 -1.650663850631677865e-01 -1.650259130948300013e-01 -1.649437742984510846e-01
-1.550061074898697600e-01 -1.547862625039191364e-01 -1.549769115840071709e-01 -1.549883918095016355e-01 -1.549693910590242973e-01 -1.549983273775680792e-01 -1.549946266990664401e-01 -1.540137934071110770e-01 -1.550266275882122291e-01 -1.550685147388941032e-01 -1.550284747593920764e-01 -1.549457323203202730e-01
-1.450087783427936872e-01 -1.447901912581998629e-01 -1.449773411472070617e-01 -1.449893781355027222e-01 -1.449699026580787420e-01 -1.449987892696703029e-01 -1.449950472270661317e-01 -1.440290947881557315e-01 -1.450278104786911215e-01 -1.450706444146204199e-01 -1.450310364239541516e-01 -1.449476903421894614e-01
-1.350114491957176144e-01 -1.347941200124806449e-01 -1.349777707104070079e-01 -1.349903644615038645e-01 -1.349704142571332421e-01 -1.349992511617725266e-01 -1.349954677550658788e-01 -1.340443961692003305e-01 -1.350289933691700694e-01 -1.350727740903467367e-01 -1.350335980885162268e-01 -1.349496483640586497e-01
-1.250141200486415416e-01 -1.247980487667613714e-01 -1.249782002736068987e-01 -1.249913507875050067e-01 -1.249709258561876868e-01 -1.249997130538748058e-01 -1.249958882830655704e-01 -1.240596975502449850e-01 -1.250301762596489619e-01 -1.250749037660730534e-01 -1.250361597530782465e-01 -1.249516063859278381e-01
-1.150167909015654688e-01 -1.148019775210421534e-01 -1.149786298368067894e-01 -1.149923371135060934e-01 -1.149714374552421314e-01 -1.150001749459770295e-01 -1.149963088110652620e-01 -1.140749989312895840e-01 -1.150313591501278543e-01 -1.150770334417994256e-01 -1.150387214176403217e-01 -1.149535644077970264e-01
-1.050194617544893960e-01 -1.048059062753228798e-01 -1.049790594000066801e-01 -1.049933234395072357e-01 -1.049719490542965761e-01 -1.050006368380792532e-01 -1.049967293390649536e-01 -1.040903003123342385e-01 -1.050325420406068022e-01 -1.050791631175257423e-01 -1.050412830822023968e-01 -1.049555224296662148e-01
-9.502213260741332324e-02 -9.480983502960366183e-02 -9.497948896320657086e-02 -9.499430976550837791e-02 -9.497246065335102072e-02 -9.500109873018147688e-02 -9.499714986706464526e-02 -9.410560169337883751e-02 -9.503372493108569463e-02 -9.508129279325205907e-02 -9.504384474676447203e-02 -9.495748045153540318e-02
-8.502480346033725045e-02 -8.481376378388438830e-02 -8.497991852640646160e-02 -8.499529609150952014e-02 -8.497297225240546537e-02 -8.500156062228375609e-02 -8.499757039506433687e-02 -8.412090307442349202e-02 -8.503490782156464256e-02 -8.508342246897837580e-02 -8.504640641132654721e-02 -8.495943847340459154e-02
-7.502747431326117766e-02 -7.481769253816517029e-02 -7.498034808960640785e-02 -7.499628241751066238e-02 -7.497348385145996552e-02 -7.500202251438597978e-02 -7.499799092306408399e-02 -7.413620445546814652e-02 -7.503609071204353498e-02 -7.508555214470469252e-02 -7.504896807588862240e-02 -7.496139649527377991e-02
-6.503014516618510488e-02 -6.482162129244589677e-02 -6.498077765280629858e-02 -6.499726874351174910e-02 -6.497399545051441017e-02 -6.500248440648820347e-02 -6.499841145106377560e-02 -6.415150583651274552e-02 -6.503727360252242740e-02 -6.508768182043100925e-02 -6.505152974045069758e-02 -6.496335451714296827e-02
-5.503281601910903209e-02 -5.482555004672667875e-02 -5.498120721600618932e-02 -5.499825506951289134e-02 -5.497450704956885481e-02 -5.500294629859048268e-02 -5.499883197906346721e-02 -5.416680721755740002e-02 -5.503845649300137532e-02 -5.508981149615732598e-02 -5.505409140501271725e-02 -5.496531253901215663e-02
-4.503548687203295930e-02 -4.482947880100740523e-02 -4.498163677920608006e-02 -4.499924139551403357e-02 -4.497501864862329946e-02 -4.500340819069270637e-02 -4.499925250706315882e-02 -4.418210859860199902e-02 -4.503963938348026774e-02 -4.509194117188364270e-02 -4.505665306957479244e-02 -4.496727056088134500e-02
-3.503815772495688652e-02 -3.483340755528818722e-02 -3.498206634240597079e-02 -3.500022772151512029e-02 -3.497553024767774410e-02 -3.500387008279493006e-02 -3.499967303506285043e-02 -3.419740997964665352e-02 -3.504082227395921567e-02 -3.509407084760995943e-02 -3.505921473413686762e-02 -3.496922858275053336e-02
-2.504082857788081373e-02 -2.483733630956891369e-02 -2.498249590560586153e-02 -2.500121404751626253e-02 -2.497604184673218874e-02 -2.500433197489720927e-02 -2.500009356306254205e-02 -2.421271136069125252e-02 -2.504200516443810809e-02 -2.509620052333627616e-02 -2.506177639869894280e-02 -2.497118660461972173e-02
-1.504349943080468543e-02 -1.484126506384964017e-02 -1.498292546880580778e-02 -1.500220037351740476e-02 -1.497655344578668890e-02 -1.500479386699943296e-02 -1.500051409106228917e-02 -1.422801274173590702e-02 -1.504318805491705602e-02 -1.509833019906259288e-02 -1.506433806326101799e-02 -1.497314462648896560e-02
-5.046170283728612649e-03 -4.845193818130422159e-03 -4.983355032005698515e-03 -5.003186699518546998e-03 -4.977065044841133545e-03 -5.005255759101656654e-03 -5.000934619061980779e-03 -4.243314122780561526e-03 -5.044370945395948436e-03 -5.100459874788965120e-03 -5.066899727823093169e-03 -4.975102648358153967e-03
4.951158863347460137e-03 5.150877427588851365e-03 5.016215404794410748e-03 4.995826974480310767e-03 5.022423356104421810e-03 4.994282348796064142e-03 4.998644852938327610e-03 5.741384496174839480e-03 4.954446164125159147e-03 4.897410449484718153e-03 4.930538607614831648e-03 5.022939329772657668e-03
1.494848801042353292e-02 1.514694867330812489e-02 1.501578584159452001e-02 1.499484064847922404e-02 1.502191175704997717e-02 1.499382045669384045e-02 1.499822432493869151e-02 1.572608311513018498e-02 1.495326327364626673e-02 1.489528077375845694e-02 1.492797694305281198e-02 1.502098130790346930e-02
2.494581715749960571e-02 2.514301991902734290e-02 2.501535627839462927e-02 2.499385432247802630e-02 2.502140015799553252e-02 2.499335856459161676e-02 2.499780379693894439e-02 2.571078173408553047e-02 2.495208038316726329e-02 2.489315109803214021e-02 2.492541527849068128e-02 2.501902328603428094e-02
3.494314630457567850e-02 3.513909116474656091e-02 3.501492671519473854e-02 3.499286799647693957e-02 3.502088855894108788e-02 3.499289667248939306e-02 3.499738326893919727e-02 3.569548035304098699e-02 3.495089749268837087e-02 3.489102142230582349e-02 3.492285361392866161e-02 3.501706526416509258e-02
4.494047545165175128e-02 4.513516241046577893e-02 4.501449715199484780e-02 4.499188167047585285e-02 4.502037695988664323e-02 4.499243478038716937e-02 4.499696274093956117e-02 4.568017897199633248e-02 4.494971460220947845e-02 4.488889174657939574e-02 4.492029194936653091e-02 4.501510724229590421e-02
5.493780459872782407e-02 5.513123365618510796e-02 5.501406758879495706e-02 5.499089534447465510e-02 5.501986536083219859e-02 5.499197288828483465e-02 5.499654221293981404e-02 5.566487759095167798e-02 5.494853171173058604e-02 5.488676207085307901e-02 5.491773028480451124e-02 5.501314922042671585e-02
6.493513374580389685e-02 6.512730490190432597e-02 6.501363802559506633e-02 6.498990901847356838e-02 6.501935376177775394e-02 6.499151099618261096e-02 6.499612168494017794e-02 6.564957620990702347e-02 6.494734882125169362e-02 6.488463239512676228e-02 6.491516862024249157e-02 6.501119119855752748e-02
7.493246289287996964e-02 7.512337614762354399e-02 7.501320846239517559e-02 7.498892269247248166e-02 7.501884216272330930e-02 7.499104910408038727e-02 7.499570115694043082e-02 7.563427482886236897e-02 7.494616593077269018e-02 7.488250271940044556e-02 7.491260695568036088e-02 7.500923317668833912e-02
8.492979203995604243e-02 8.511944739334276200e-02 8.501277889919517383e-02 8.498793636647128391e-02 8.501833056366875363e-02 8.499058721197816357e-02 8.499528062894068370e-02 8.561897344781782548e-02 8.494498304029379776e-02 8.488037304367412883e-02 8.491004529111834120e-02 8.500727515481915075e-02
9.492712118703211521e-02 9.511551863906209103e-02 9.501234933599528310e-02 9.498695004047019719e-02 9.501781896461430899e-02 9.499012531987593988e-02 9.499486010094104760e-02 9.560367206677317098e-02 9.494380014981490534e-02 9.487824336794781210e-02 9.490748362655621051e-02 9.500531713294996239e-02
1.049244503341081880e-01 1.051115898847813090e-01 1.050119197727953924e-01 1.049859637144691105e-01 1.050173073655598643e-01 1.049896634277737162e-01 1.049944395729413005e-01 1.055883706857285165e-01 1.049426172593360129e-01 1.048761136922214954e-01 1.049049219619941908e-01 1.050033591110807740e-01
1.149217794811842608e-01 1.151076611305005271e-01 1.150114902095955016e-01 1.149849773884679127e-01 1.150167957665054197e-01 1.149892015356713815e-01 1.149940190449416644e-01 1.155730693046838620e-01 1.149414343688571205e-01 1.148739840164951787e-01 1.149023602974320601e-01 1.150014010892115857e-01
1.249191086282603336e-01 1.251037323762197451e-01 1.250110606463956109e-01 1.249839910624668260e-01 1.250162841674509751e-01 1.249887396435691578e-01 1.249935985169419173e-01 1.255577679236393185e-01 1.249402514783781171e-01 1.248718543407688619e-01 1.248997986328700405e-01 1.249994430673423973e-01
1.349164377753364064e-01 1.350998036219390741e-01 1.350106310831957201e-01 1.349830047364656282e-01 1.350157725683965304e-01 1.349882777514669341e-01 1.349931779889422812e-01 1.355424665425946640e-01 1.349390685878992246e-01 1.348697246650425452e-01 1.348972369683079098e-01 1.349974850454732089e-01
1.449137669224124791e-01 1.450958748676582921e-01 1.450102015199958294e-01 1.449820184104645415e-01 1.450152609693420858e-01 1.449878158593647104e-01 1.449927574609425340e-01 1.455271651615500095e-01 1.449378856974203322e-01 1.448675949893162285e-01 1.448946753037458901e-01 1.449955270236040206e-01
1.549110960694885519e-01 1.550919461133775101e-01 1.550097719567959387e-01 1.549810320844634548e-01 1.550147493702876411e-01 1.549873539672624867e-01 1.549923369329427869e-01 1.555118637805053550e-01 1.549367028069414398e-01 1.548654653135899117e-01 1.548921136391838704e-01 1.549935690017348322e-01
1.649084252165646247e-01 1.650880173590968392e-01 1.650093423935960479e-01 1.649800457584622571e-01 1.650142377712331965e-01 1.649868920751602630e-01 1.649919164049431508e-01 1.654965623994607005e-01 1.649355199164625474e-01 1.648633356378635950e-01 1.648895519746217397e-01 1.649916109798656438e-01
1.749057543636406975e-01 1.750840886048160572e-01 1.750089128303961572e-01 1.749790594324611703e-01 1.750137261721787518e-01 1.749864301830580393e-01 1.749914958769434037e-01 1.754812610184161570e-01 1.749343370259835440e-01 1.748612059621372783e-01 1.748869903100597201e-01 1.749896529579964555e-01
1.849030835107167703e-01 1.850801598505352752e-01 1.850084832671962665e-01 1.849780731064599726e-01 1.850132145731243072e-01 1.849859682909557046e-01 1.849910753489437676e-01 1.854659596373715025e-01 1.849331541355046515e-01 1.848590762864109616e-01 1.848844286454975894e-01 1.849876949361272671e-01
1.949004126577928431e-01 1.950762310962544932e-01 1.950080537039963757e-01 1.949770867804588859e-01 1.950127029740698625e-01 1.949855063988534809e-01 1.949906548209440205e-01 1.954506582563268480e-01 1.949319712450257591e-01 1.948569466106846448e-01 1.948818669809355697e-01 1.949857369142580787e-01
2.048977418048689159e-01 2.050723023419738222e-01 2.050076241407964850e-01 2.049761004544577991e-01 2.050121913750154179e-01 2.049850445067512572e-01 2.049902342929443844e-01 2.054353568752821935e-01 2.049307883545468667e-01 2.048548169349583281e-01 2.048793053163734390e-01 2.049837788923888904e-01
2.148950709519449886e-01 2.150683735876930402e-01 2.150071945775964832e-01 2.149751141284566014e-01 2.150116797759608622e-01 2.149845826146490335e-01 2.149898137649446372e-01 2.154200554942376500e-01 2.149296054640679743e-01 2.148526872592320114e-01 2.148767436518114193e-01 2.149818208705197020e-01
2.248924000990210614e-01 2.250644448334122583e-01 2.250067650143965925e-01 2.249741278024555147e-01 2.250111681769064176e-01 2.249841207225468098e-01 2.249893932369448901e-01 2.254047541131929955e-01 2.249284225735889708e-01 2.248505575835056947e-01 2.248741819872492886e-01 2.249798628486505137e-01
2.348897292460971342e-01 2.350605160791314763e-01 2.350063354511967018e-01 2.349731414764544279e-01 2.350106565778519729e-01 2.349836588304445861e-01 2.349889727089452540e-01 2.353894527321483410e-01 2.349272396831100784e-01 2.348484279077793779e-01 2.348716203226872690e-01 2.349779048267813253e-01
2.448870583931732070e-01 2.450565873248508053e-01 2.450059058879968110e-01 2.449721551504532302e-01 2.450101449787975283e-01 2.449831969383422514e-01 2.449885521809455069e-01 2.453741513511036865e-01 2.449260567926311860e-01 2.448462982320530612e-01 2.448690586581252493e-01 2.449759468049121369e-01
2.548843875402492798e-01 2.550526585705700233e-01 2.550054763247969203e-01 2.549711688244521435e-01 2.550096333797430836e-01 2.549827350462400277e-01 2.549881316529458708e-01 2.553588499700590320e-01 2.549248739021522936e-01 2.548441685563266335e-01 2.548664969935631186e-01 2.549739887830429486e-01
2.648817166873253526e-01 2.650487298162892413e-01 2.650050467615970295e-01 2.649701824984510568e-01 2.650091217806886390e-01 2.649822731541378040e-01 2.649877111249461237e-01 2.653435485890144885e-01 2.649236910116734012e-01 2.648420388806003167e-01 2.648639353290010989e-01 2.649720307611737602e-01
2.748790458344014254e-01 2.750448010620084593e-01 2.750046171983971388e-01 2.749691961724498590e-01 2.750086101816341944e-01 2.749818112620355803e-01 2.749872905969463766e-01 2.753282472079698340e-01 2.749225081211943977e-01 2.748399092048740000e-01 2.748613736644389682e-01 2.749700727393045718e-01
2.848763749814774981e-01 2.850408723077277884e-01 2.850041876351972481e-01 2.849682098464487723e-01 2.850080985825797497e-01 2.849813493699333566e-01 2.849868700689467405e-01 2.853129458269251795e-01 2.849213252307155053e-01 2.848377795291476833e-01 2.848588119998769486e-01 2.849681147174353835e-01
2.948737041285535709e-01 2.950369435534470064e-01 2.950037580719973573e-01 2.949672235204475745e-01 2.950075869835253051e-01 2.949808874778311329e-01 2.949864495409469933e-01 2.952976444458805250e-01 2.949201423402366129e-01 2.948356498534213666e-01 2.948562503353148179e-01 2.949661566955661951e-01
3.048710332756296437e-01 3.050330147991662244e-01 3.050033285087974666e-01 3.049662371944464878e-01 3.050070753844708604e-01 3.049804255857289093e-01 3.049860290129473572e-01 3.052823430648359815e-01 3.049189594497577205e-01 3.048335201776950498e-01 3.048536886707527982e-01 3.049641986736970067e-01
3.148683624227057165e-01 3.150290860448855534e-01 3.150028989455975759e-01 3.149652508684454011e-01 3.150065637854164158e-01 3.149799636936265745e-01 3.149856084849476101e-01 3.152670416837913270e-01 3.149177765592788281e-01 3.148313905019687331e-01 3.148511270061907785e-01 3.149622406518278184e-01
3.248656915697817893e-01 3.250251572906047715e-01 3.250024693823976851e-01 3.249642645424442033e-01 3.250060521863619711e-01 3.249795018015243508e-01 3.249851879569479740e-01 3.252517403027466725e-01 3.249165936687998246e-01 3.248292608262424164e-01 3.248485653416286478e-01 3.249602826299586300e-01
3.348630207168578621e-01 3.350212285363239895e-01 3.350020398191977944e-01 3.349632782164431166e-01 3.350055405873075265e-01 3.349790399094221272e-01 3.349847674289482269e-01 3.352364389217020180e-01 3.349154107783209322e-01 3.348271311505160996e-01 3.348460036770666282e-01 3.349583246080894416e-01
3.448603498639339349e-01 3.450172997820432075e-01 3.450016102559977926e-01 3.449622918904419189e-01 3.450050289882529708e-01 3.449785780173199035e-01 3.449843469009484798e-01 3.452211375406573635e-01 3.449142278878420398e-01 3.448250014747897829e-01 3.448434420125044975e-01 3.449563665862202533e-01
3.548576790110100077e-01 3.550133710277625365e-01 3.550011806927979019e-01 3.549613055644408321e-01 3.550045173891985262e-01 3.549781161252176798e-01 3.549839263729488437e-01 3.552058361596128200e-01 3.549130449973631474e-01 3.548228717990634662e-01 3.548408803479424778e-01 3.549544085643510649e-01
3.648550081580860804e-01 3.650094422734817545e-01 3.650007511295980112e-01 3.649603192384397454e-01 3.650040057901440815e-01 3.649776542331154561e-01 3.649835058449490965e-01 3.651905347785681655e-01 3.649118621068842550e-01 3.648207421233371495e-01 3.648383186833803471e-01 3.649524505424818765e-01
3.748523373051621532e-01 3.750055135192009725e-01 3.750003215663981204e-01 3.749593329124385477e-01 3.750034941910896369e-01 3.749771923410131214e-01 3.749830853169494604e-01 3.751752333975235110e-01 3.749106792164052515e-01 3.748186124476108327e-01 3.748357570188183274e-01 3.749504925206126882e-01
3.848496664522382260e-01 3.850015847649201906e-01 3.849998920031982297e-01 3.849583465864374610e-01 3.850029825920351922e-01 3.849767304489108977e-01 3.849826647889497133e-01 3.851599320164788565e-01 3.849094963259263591e-01 3.848164827718845160e-01 3.848331953542563078e-01 3.849485344987434998e-01
3.948469955993142988e-01 3.949976560106395196e-01 3.949994624399983389e-01 3.949573602604363742e-01 3.950024709929807476e-01 3.949762685568086740e-01 3.949822442609500772e-01 3.951446306354342020e-01 3.949083134354474667e-01 3.948143530961581993e-01 3.948306336896941771e-01 3.949465764768743115e-01
4.048443247463903716e-01 4.049937272563587376e-01 4.049990328767984482e-01 4.049563739344351765e-01 4.050019593939263030e-01 4.049758066647064503e-01 4.049818237329503301e-01 4.051293292543896585e-01 4.049071305449685743e-01 4.048122234204318826e-01 4.048280720251321574e-01 4.049446184550051231e-01
4.148416538934664444e-01 4.149897985020779556e-01 4.149986033135985575e-01 4.149553876084340898e-01 4.150014477948718583e-01 4.149753447726042266e-01 4.149814032049505830e-01 4.151140278733450040e-01 4.149059476544896818e-01 4.148100937447055658e-01 4.148255103605700267e-01 4.149426604331359347e-01
4.248389830405425172e-01 4.249858697477971736e-01 4.249981737503986667e-01 4.249544012824330030e-01 4.250009361958174137e-01 4.249748828805020029e-01 4.249809826769509469e-01 4.250987264923003495e-01 4.249047647640106784e-01 4.248079640689792491e-01 4.248229486960080070e-01 4.249407024112667464e-01
4.348363121876185899e-01 4.349819409935165027e-01 4.349977441871987760e-01 4.349534149564318053e-01 4.350004245967629690e-01 4.349744209883996682e-01 4.349805621489511998e-01 4.350834251112556950e-01 4.349035818735317860e-01 4.348058343932529324e-01 4.348203870314458763e-01 4.349387443893975580e-01
4.448336413346946627e-01 4.449780122392357207e-01 4.449973146239988853e-01 4.449524286304307186e-01 4.449999129977085244e-01 4.449739590962974445e-01 4.449801416209515637e-01 4.450681237302111515e-01 4.449023989830528936e-01 4.448037047175266157e-01 4.448178253668838567e-01 4.449367863675283696e-01
4.548309704817707355e-01 4.549740834849549387e-01 4.549968850607989945e-01 4.549514423044295208e-01 4.549994013986540797e-01 4.549734972041952208e-01 4.549797210929518165e-01 4.550528223491664970e-01 4.549012160925740011e-01 4.548015750418002989e-01 4.548152637023217260e-01 4.549348283456591813e-01
4.648282996288469193e-01 4.649701547306742677e-01 4.649964554975989928e-01 4.649504559784284341e-01 4.649988897995995241e-01 4.649730353120929971e-01 4.649793005649520694e-01 4.650375209681218425e-01 4.649000332020949977e-01 4.647994453660739822e-01 4.648127020377597063e-01 4.649328703237898819e-01
4.748256287759229921e-01 4.749662259763934857e-01 4.749960259343991020e-01 4.749494696524273474e-01 4.749983782005450794e-01 4.749725734199907734e-01 4.749788800369524333e-01 4.750222195870771880e-01 4.748988503116161053e-01 4.747973156903475545e-01 4.748101403731976866e-01 4.749309123019206935e-01
4.848229579229990649e-01 4.849622972221127037e-01 4.849955963711992113e-01 4.849484833264261496e-01 4.849978666014906348e-01 4.849721115278885497e-01 4.849784595089526862e-01 4.850069182060325335e-01 4.848976674211372129e-01 4.847951860146212377e-01 4.848075787086355559e-01 4.849289542800515052e-01
4.948202870700750822e-01 4.949583684678319218e-01 4.949951668079993761e-01 4.949474970004250629e-01 4.949973550024361346e-01 4.949716496357863815e-01 4.949780389809530501e-01 4.949916168249880455e-01 4.948964845306582649e-01 4.947930563388949765e-01 4.948050170440735362e-01 4.949269962581824278e-01
