4.625526067651612833e-07
4.654217552469977802e-07
4.951105134035922991e-07
5.202193755448122186e-07
6.999915113326781046e-07
6.185600051118246210e-07
5.170124205309146786e-07
4.625526067651612833e-07
4.683087006515852151e-07
6.071908177480780306e-07
5.202193755448122186e-07
5.365550142387426423e-07
5.602902769173130097e-07
4.568672624009717469e-07
4.294717187882041586e-07
4.540508491208858178e-07
5.814687337694665813e-07
4.625526067651612833e-07
6.580172891559728832e-07
4.654217552469977802e-07
5.707812872392137408e-07
6.185600051118246210e-07
4.625526067651612833e-07
4.741364244809491530e-07
5.365550142387426423e-07
4.568672624009717469e-07
4.568672624009717469e-07
4.597011454948012756e-07
5.432320083622624450e-07
5.997276906503545661e-07
5.814687337694665813e-07
5.138252351775578149e-07
6.034477168008468813e-07
5.534036155482219083e-07
4.830142692841578051e-07
5.234462228476621857e-07
4.860103385682849964e-07
4.268241886371931388e-07
4.568672624009717469e-07
4.568672624009717469e-07
4.112782492985319598e-07
5.012717641621542217e-07
4.890249920469713888e-07
4.189791224643194288e-07
4.512517979597718955e-07
4.241929795047588400e-07
4.540508491208858178e-07
4.012301449463762997e-07
4.087428749820455411e-07
4.189791224643194288e-07
4.037189188596631189e-07
4.037189188596631189e-07
4.189791224643194288e-07
4.241929795047588400e-07
4.037189188596631189e-07
3.938554995503262912e-07
4.087428749820455411e-07
3.890145277085864951e-07
3.842330574058610432e-07
3.914275298736658749e-07
3.866164007860598307e-07
4.037189188596631189e-07
3.938554995503262912e-07
3.866164007860598307e-07
3.818644064330624301e-07
3.938554995503262912e-07
3.914275298736658749e-07
3.866164007860598307e-07
3.748457050162152635e-07
3.771708199755527152e-07
3.795103572945485204e-07
3.842330574058610432e-07
3.771708199755527152e-07
3.866164007860598307e-07
3.818644064330624301e-07
3.890145277085864951e-07
3.818644064330624301e-07
3.842330574058610432e-07
3.818644064330624301e-07
3.866164007860598307e-07
3.795103572945485204e-07
3.818644064330624301e-07
3.818644064330624301e-07
3.818644064330624301e-07
3.795103572945485204e-07
3.725349235081624668e-07
3.795103572945485204e-07
3.818644064330624301e-07
3.842330574058610432e-07
3.818644064330624301e-07
3.795103572945485204e-07
3.795103572945485204e-07
3.771708199755527152e-07
3.818644064330624301e-07
3.771708199755527152e-07
3.795103572945485204e-07
3.795103572945485204e-07
3.748457050162152635e-07
3.771708199755527152e-07
3.795103572945485204e-07
3.795103572945485204e-07
3.795103572945485204e-07
3.818644064330624301e-07
3.818644064330624301e-07
3.795103572945485204e-07
3.725349235081624668e-07
3.725349235081624668e-07
3.795103572945485204e-07
3.818644064330624301e-07
3.795103572945485204e-07
3.748457050162152635e-07
3.725349235081624668e-07
3.702383870911071655e-07
3.771708199755527152e-07
3.679560079494697123e-07
3.679560079494697123e-07
3.656876988090201219e-07
3.656876988090201219e-07
3.611929441215109584e-07
3.611929441215109584e-07
3.589663267028079106e-07
3.523684940077853589e-07
3.458919300586960965e-07
3.416404898842895932e-07
3.353611075956877245e-07
3.271677654714121399e-07
3.211543931319729622e-07
3.113767151829266329e-07
3.018967226715382464e-07
2.909009350331256532e-07
2.803056398039022508e-07
2.700962501097767064e-07
2.586543141901953542e-07
2.476970865830566566e-07
2.372040338620417076e-07
2.257551650471388015e-07
2.161916256387463519e-07
2.057569398514963852e-07
1.958258936809842925e-07
1.852252524254554447e-07
1.762851868553240561e-07
1.677766216953779275e-07
1.586943714156745638e-07
1.510348429902084464e-07
1.428588752592372315e-07
1.359636614837462074e-07
1.286035418791072599e-07
1.216418475596027713e-07
1.157706929572224237e-07
1.095036791273620438e-07
1.035759174980406596e-07
9.857673147025180781e-08
9.324047819538566563e-08
8.819309226871429775e-08
8.393637231616750569e-08
7.939264546529601403e-08
7.509488413718459705e-08
7.102977348250971629e-08
6.760145674896509794e-08
6.394198772841586639e-08
6.048061670983853846e-08
5.720662005596088798e-08
5.444549041705428012e-08
5.149819319785833445e-08
4.871044199122909893e-08
4.635938812762630850e-08
4.384981580739279413e-08
4.147609414189923798e-08
3.923086912893400888e-08
3.710718486041781658e-08
3.531617277415472742e-08
3.340440272648690575e-08
3.159612250877695027e-08
2.988572990703589770e-08
2.844326792368584338e-08
2.690354876946061322e-08
2.544717921768784826e-08
2.406964730512416704e-08
2.276668531458989627e-08
2.153425655319918489e-08
2.049488604043871869e-08
1.938543656772716600e-08
1.844978080939123565e-08
1.745103899886176747e-08
1.650636206934118288e-08
1.561282332713578291e-08
1.476765450923399519e-08
1.396823720697973272e-08
1.321209475400799353e-08
1.241984600292156909e-08
1.174752259639409842e-08
1.111159406649057274e-08
1.044529953215217928e-08
9.879864231102199002e-09
1.097501881476973009e-08
1.038090822479032599e-08
9.758428464437561298e-09
9.230175548417349849e-09
8.730518542517378888e-09
8.207002586839871912e-09
7.762732993218021284e-09
8.623209657719863591e-09
8.156409530655887780e-09
7.714878690467230792e-09
7.297249235085821031e-09
6.859677699269418910e-09
6.488342831077940772e-09
6.945040852108918581e-09
6.569085021169957902e-09
6.175177052698594921e-09
5.840896251551466581e-09
6.024308818056033298e-09
5.698194965631764815e-09
5.389734631304749933e-09
5.456805528986343968e-09
5.161412326756379252e-09
4.882009641956468499e-09
4.912292058156627050e-09
4.646374998507030289e-09
4.617731860057399666e-09
4.367760224833105444e-09
4.131320301780580974e-09
4.080541259027688359e-09
3.835856084086703537e-09
3.765352711479441379e-09
3.696145197069158491e-09
3.496061803979652964e-09
3.410648111697388329e-09
3.327321195690355935e-09
3.127802034586141234e-09
3.051385444868570949e-09
2.940246820845736709e-09
2.833156126516759907e-09
2.746899519797807309e-09
2.646850988245457566e-09
2.534723924712083369e-09
2.442403326623108261e-09
2.368043350050760203e-09
2.267727258083325514e-09
2.171660800442645617e-09
2.079663952253778328e-09
2.016347725534680521e-09
1.930930318007605885e-09
1.860601301072617267e-09
1.781781691951387208e-09
1.716885018250079559e-09
1.654352033813578205e-09
1.594096647527779736e-09
1.526566825535733919e-09
1.461897731508551108e-09
1.399968178032322853e-09
1.348978049189727815e-09
1.291832048867704003e-09
1.244780491804928598e-09
1.206882636360919240e-09
1.148631346306060375e-09
1.113660791250489321e-09
1.066483403913718080e-09
1.021304565770211388e-09
9.841062549704988017e-10
9.424171137741470861e-10
9.024940262787154449e-10
8.696230743515771397e-10
8.379493596904309946e-10
9.720103703756883021e-10
9.308336403526431863e-10
8.969304931258873430e-10
8.696230743515771397e-10
8.379493596904309946e-10
8.024517810549063549e-10
7.732246026461306809e-10
7.404689225827274041e-10
7.134993054450734961e-10
6.917765248301954253e-10
6.917765248301954253e-10
6.665803991718593524e-10
6.383424276729084570e-10
6.189078291979212553e-10
5.963657525652593078e-10
7.091008530179351955e-10
6.832737346411461483e-10
6.748754542734106182e-10
6.665803991718593524e-10
6.543285927366601367e-10
6.462860840087131455e-10
6.227468270385311637e-10
6.113006855190842683e-10
7.223782284691204164e-10
7.134993054450734961e-10
7.268590385806851181e-10
1.002532897916269941e-09
2.171660800442645617e-09
9.969129247457621246e-02
9.969129247457621246e-02
9.969129247457621246e-02
9.969129247457621246e-02
9.969129247457621246e-02
9.969129247457621246e-02
9.969129247457621246e-02
9.969129247457621246e-02
