1.806999397734984839e-07
1.818207959751203380e-07
1.934189509360549424e-07
2.032279322504831173e-07
2.734573799602289843e-07
2.416454994204569124e-07
2.019751091782702652e-07
1.806999397734984839e-07
1.818207959751203380e-07
2.372040338620417076e-07
2.019751091782702652e-07
2.096095824346610198e-07
2.188819559415804950e-07
1.784789137341354942e-07
1.677766216953779275e-07
1.773786589682009507e-07
2.271554924468514202e-07
1.806999397734984839e-07
2.554751323502340736e-07
1.818207959751203380e-07
2.229803544925869970e-07
2.416454994204569124e-07
1.806999397734984839e-07
1.852252524254554447e-07
2.096095824346610198e-07
1.784789137341354942e-07
1.784789137341354942e-07
1.795859932249665033e-07
2.122180045218823199e-07
2.342885025314286377e-07
2.271554924468514202e-07
1.994925849596655634e-07
2.357417610181786249e-07
2.161916256387463519e-07
1.886934547397334738e-07
2.044885264072452619e-07
1.898638935855659145e-07
1.667423424980733410e-07
1.784789137341354942e-07
1.784789137341354942e-07
1.606691947930713203e-07
1.958258936809842925e-07
1.910415924982285383e-07
1.636776035597905562e-07
1.751984555830228768e-07
1.657144392394851739e-07
1.773786589682009507e-07
1.557775548945827602e-07
1.596787301851722118e-07
1.636776035597905562e-07
1.577160808444019371e-07
1.577160808444019371e-07
1.636776035597905562e-07
1.657144392394851739e-07
1.577160808444019371e-07
1.538628558293653317e-07
1.596787301851722118e-07
1.519716907868306030e-07
1.501037705046951499e-07
1.529143497180006439e-07
1.510348429902084464e-07
1.577160808444019371e-07
1.538628558293653317e-07
1.510348429902084464e-07
1.491784377276896424e-07
1.529143497180006439e-07
1.529143497180006439e-07
1.501037705046951499e-07
1.464365249057468592e-07
1.473448499848271108e-07
1.482588092760673072e-07
1.501037705046951499e-07
1.473448499848271108e-07
1.501037705046951499e-07
1.491784377276896424e-07
1.519716907868306030e-07
1.491784377276896424e-07
1.501037705046951499e-07
1.491784377276896424e-07
1.510348429902084464e-07
1.482588092760673072e-07
1.482588092760673072e-07
1.482588092760673072e-07
1.482588092760673072e-07
1.482588092760673072e-07
1.455337993060469238e-07
1.482588092760673072e-07
1.491784377276896424e-07
1.501037705046951499e-07
1.491784377276896424e-07
1.482588092760673072e-07
1.473448499848271108e-07
1.473448499848271108e-07
1.491784377276896424e-07
1.473448499848271108e-07
1.482588092760673072e-07
1.482588092760673072e-07
1.464365249057468592e-07
1.473448499848271108e-07
1.482588092760673072e-07
1.482588092760673072e-07
1.482588092760673072e-07
1.491784377276896424e-07
1.491784377276896424e-07
1.482588092760673072e-07
1.455337993060469238e-07
1.455337993060469238e-07
1.482588092760673072e-07
1.491784377276896424e-07
1.491784377276896424e-07
1.473448499848271108e-07
1.464365249057468592e-07
1.464365249057468592e-07
1.501037705046951499e-07
1.464365249057468592e-07
1.473448499848271108e-07
1.464365249057468592e-07
1.473448499848271108e-07
1.464365249057468592e-07
1.482588092760673072e-07
1.482588092760673072e-07
1.473448499848271108e-07
1.473448499848271108e-07
1.482588092760673072e-07
1.482588092760673072e-07
1.482588092760673072e-07
1.491784377276896424e-07
1.482588092760673072e-07
1.482588092760673072e-07
1.482588092760673072e-07
1.482588092760673072e-07
1.482588092760673072e-07
1.482588092760673072e-07
1.482588092760673072e-07
1.473448499848271108e-07
1.473448499848271108e-07
1.464365249057468592e-07
1.455337993060469238e-07
1.446366386670620674e-07
1.437450086829215283e-07
1.419782045118000192e-07
1.402331165519591002e-07
1.376556195209425138e-07
1.351254971123278617e-07
1.326418785763836711e-07
1.286035418791072599e-07
1.254615770145366632e-07
1.216418475596027713e-07
1.172113657979150191e-07
1.129422525868901577e-07
1.088286305049420511e-07
1.042183842836514988e-07
9.980343933668838489e-08
9.498633540452497447e-08
9.096248256505493032e-08
8.657209546661756292e-08
8.239361440164119183e-08
7.841681153234969485e-08
7.417187501332601920e-08
7.059190188657543561e-08
6.718471942456069535e-08
6.354780964166262563e-08
6.048061670983853846e-08
5.720662005596088798e-08
5.410985463206602977e-08
5.149819319785833445e-08
4.871044199122909893e-08
4.607360009437319925e-08
4.384981580739279413e-08
4.147609414189923798e-08
3.923086912893400888e-08
3.710718486041781658e-08
3.531617277415472742e-08
3.340440272648690575e-08
3.159612250877695027e-08
2.988572990703589770e-08
2.826792597187183078e-08
2.690354876946061322e-08
2.544717921768784826e-08
2.406964730512416704e-08
2.276668531458989627e-08
2.166783050477450943e-08
2.049488604043871869e-08
1.938543656772716600e-08
1.833604491285715840e-08
1.734345996654196986e-08
1.640460661176322364e-08
1.551657619678309772e-08
1.467661752388085169e-08
1.388212832589601672e-08
1.313064720417176990e-08
1.234328236595746703e-08
1.167510357806759748e-08
1.097501881476973009e-08
1.219156813970833436e-08
1.153160209659698311e-08
1.090736198907232959e-08
1.031691386540023904e-08
9.698271456523324876e-09
9.173275019245110146e-09
8.623209657719863591e-09
9.638485293731781684e-09
9.116725260240036843e-09
8.623209657719863591e-09
8.106128361461939308e-09
7.667319391330987704e-09
7.207557005043229362e-09
7.714878690467230792e-09
7.297249235085821031e-09
6.902227311073334537e-09
6.488342831077940772e-09
6.733596219100312980e-09
6.369086518485581794e-09
5.987171240569422301e-09
6.099276479356335702e-09
5.769104403230020784e-09
5.423166393895077126e-09
5.456805528986343968e-09
5.161412326756379252e-09
5.161412326756379252e-09
4.882009641956468499e-09
4.589265295685520187e-09
4.532857541836576914e-09
4.287480407279964343e-09
4.208676139842811859e-09
4.131320301780580974e-09
3.907679578852468139e-09
3.812209487132162763e-09
3.696145197069158491e-09
3.496061803979652964e-09
3.389622760515508487e-09
3.286424297627103823e-09
3.166725006602524983e-09
3.051385444868570949e-09
2.940246820845736709e-09
2.833156126516759907e-09
2.713136722927858583e-09
2.646850988245457566e-09
2.534723924712083369e-09
2.427346837067964314e-09
2.324518504749237314e-09
2.253747580196768454e-09
2.144968399811561840e-09
2.079663952253778328e-09
1.979287076781737108e-09
1.919026865433706650e-09
1.849131400196491414e-09
1.770797684051469978e-09
1.695782375178336462e-09
1.634017998561664325e-09
1.564797010771621716e-09
1.507803428743280710e-09
1.443929197968163536e-09
1.382760835397970848e-09
1.340662111487569034e-09
1.283868394569186158e-09
1.237106892498453424e-09
1.192048554151635818e-09
1.141550469990566912e-09
1.093191607839421365e-09
1.053375002142196362e-09
1.008751467869131653e-09
9.660182953447032157e-10
9.308336403526431863e-10
1.086452496470799668e-09
1.034013876843646437e-09
1.002532897916269941e-09
9.660182953447032157e-10
9.308336403526431863e-10
8.969304931258873430e-10
8.589343298230136499e-10
8.276499243399112233e-10
7.925886549061640681e-10
7.732246026461306809e-10
7.684579664290000901e-10
7.450619467144755311e-10
7.134993054450734961e-10
6.917765248301954253e-10
6.624711839949904386e-10
7.877026466559952943e-10
7.637207147150898449e-10
7.496834607261246260e-10
7.404689225827274041e-10
7.268590385806851181e-10
7.223782284691204164e-10
6.960675168967354328e-10
6.832737346411461483e-10
8.074292761023608020e-10
7.975049703753349594e-10
8.124376458484977731e-10
1.113660791250489321e-09
2.427346837067964314e-09
2.713136722927858583e-09
9.969129247457621246e-02
9.969129247457621246e-02
9.969129247457621246e-02
9.969129247457621246e-02
9.969129247457621246e-02
9.969129247457621246e-02
9.969129247457621246e-02
