8.659643233600653595e-05
6.493816315762114229e-05
8.659643233600653595e-05
8.659643233600653595e-05
8.659643233600653595e-05
8.659643233600653595e-05
6.493816315762114229e-05
8.659643233600653595e-05
1.154781984689458215e-04
1.154781984689458215e-04
1.154781984689458215e-04
8.659643233600653595e-05
6.493816315762114229e-05
8.659643233600653595e-05
8.659643233600653595e-05
6.493816315762114229e-05
6.493816315762114229e-05
6.493816315762114229e-05
6.493816315762114229e-05
6.493816315762114229e-05
6.493816315762114229e-05
6.493816315762114229e-05
6.493816315762114229e-05
6.493816315762114229e-05
6.493816315762114229e-05
6.493816315762114229e-05
6.493816315762114229e-05
6.493816315762114229e-05
6.493816315762114229e-05
6.493816315762114229e-05
6.493816315762114229e-05
6.493816315762114229e-05
6.493816315762114229e-05
6.493816315762114229e-05
6.493816315762114229e-05
6.493816315762114229e-05
6.493816315762114229e-05
6.493816315762114229e-05
6.493816315762114229e-05
6.493816315762114229e-05
6.493816315762114229e-05
6.493816315762114229e-05
6.493816315762114229e-05
6.493816315762114229e-05
6.493816315762114229e-05
6.493816315762114229e-05
6.493816315762114229e-05
6.493816315762114229e-05
6.493816315762114229e-05
6.493816315762114229e-05
6.493816315762114229e-05
6.493816315762114229e-05
6.493816315762114229e-05
6.493816315762114229e-05
6.493816315762114229e-05
6.493816315762114229e-05
6.493816315762114229e-05
6.493816315762114229e-05
6.493816315762114229e-05
6.493816315762114229e-05
8.659643233600653595e-05
8.659643233600653595e-05
8.659643233600653595e-05
8.659643233600653595e-05
8.659643233600653595e-05
8.659643233600653595e-05
8.659643233600653595e-05
6.493816315762114229e-05
6.493816315762114229e-05
6.493816315762114229e-05
4.869675251658631230e-05
3.651741272548377003e-05
3.651741272548377003e-05
2.738419634264361118e-05
2.738419634264361118e-05
2.053525026457146235e-05
2.053525026457146235e-05
1.539926526059491854e-05
1.539926526059491854e-05
1.154781984689458114e-05
8.659643233600653595e-06
8.659643233600653595e-06
6.493816315762113213e-06
6.493816315762113213e-06
4.869675251658631060e-06
4.869675251658631060e-06
3.651741272548377087e-06
2.738419634264361288e-06
2.738419634264361288e-06
2.053525026457146066e-06
2.053525026457146066e-06
2.053525026457146066e-06
1.539926526059491938e-06
2.053525026457146066e-06
2.053525026457146066e-06
2.053525026457146066e-06
2.738419634264361288e-06
8.659643233600652912e-02
8.659643233600652912e-02
8.659643233600652912e-02
