5.202193755448122186e-07
5.202193755448122186e-07
5.568363000043688640e-07
5.850755021895980393e-07
7.872599604590149730e-07
6.956763293296950455e-07
5.778841997077858879e-07
5.170124205309146786e-07
5.234462228476621857e-07
6.786799810804215137e-07
5.814687337694665813e-07
6.034477168008468813e-07
6.301420718827259081e-07
5.138252351775578149e-07
4.830142692841578051e-07
5.106576976122873001e-07
6.539608623024363076e-07
5.202193755448122186e-07
7.354906370475651465e-07
5.234462228476621857e-07
6.419410040661612460e-07
6.956763293296950455e-07
5.202193755448122186e-07
5.332473562120827345e-07
5.997276906503545661e-07
5.138252351775578149e-07
5.138252351775578149e-07
5.170124205309146786e-07
6.109571366217524645e-07
6.703381636328704199e-07
6.539608623024363076e-07
5.743217629381746547e-07
6.786799810804215137e-07
6.223968454487604425e-07
5.432320083622624450e-07
5.850755021895980393e-07
5.432320083622624450e-07
4.800366696300837644e-07
5.138252351775578149e-07
5.106576976122873001e-07
4.625526067651612833e-07
5.602902769173130097e-07
5.499920922889569606e-07
4.712135533707214591e-07
5.043810821080447449e-07
4.770774257478030482e-07
5.106576976122873001e-07
4.484700018867559821e-07
4.597011454948012756e-07
4.712135533707214591e-07
4.512517979597718955e-07
4.540508491208858178e-07
4.712135533707214591e-07
4.770774257478030482e-07
4.512517979597718955e-07
4.429577501764777079e-07
4.597011454948012756e-07
4.375132508661138882e-07
4.294717187882041586e-07
4.402270837602460295e-07
4.348161477218061913e-07
4.512517979597718955e-07
4.429577501764777079e-07
4.348161477218061913e-07
4.294717187882041586e-07
4.402270837602460295e-07
4.402270837602460295e-07
4.321356711947647146e-07
4.215779907780159168e-07
4.241929795047588400e-07
4.268241886371931388e-07
4.294717187882041586e-07
4.241929795047588400e-07
4.321356711947647146e-07
4.294717187882041586e-07
4.348161477218061913e-07
4.294717187882041586e-07
4.321356711947647146e-07
4.294717187882041586e-07
4.321356711947647146e-07
4.268241886371931388e-07
4.268241886371931388e-07
4.268241886371931388e-07
4.268241886371931388e-07
4.268241886371931388e-07
4.189791224643194288e-07
4.268241886371931388e-07
4.294717187882041586e-07
4.294717187882041586e-07
4.294717187882041586e-07
4.268241886371931388e-07
4.241929795047588400e-07
4.241929795047588400e-07
4.268241886371931388e-07
4.241929795047588400e-07
4.268241886371931388e-07
4.241929795047588400e-07
4.215779907780159168e-07
4.241929795047588400e-07
4.268241886371931388e-07
4.268241886371931388e-07
4.241929795047588400e-07
4.294717187882041586e-07
4.294717187882041586e-07
4.268241886371931388e-07
4.189791224643194288e-07
4.189791224643194288e-07
4.268241886371931388e-07
4.294717187882041586e-07
4.294717187882041586e-07
4.215779907780159168e-07
4.215779907780159168e-07
4.215779907780159168e-07
4.321356711947647146e-07
4.215779907780159168e-07
4.241929795047588400e-07
4.215779907780159168e-07
4.241929795047588400e-07
4.215779907780159168e-07
4.241929795047588400e-07
4.268241886371931388e-07
4.241929795047588400e-07
4.241929795047588400e-07
4.268241886371931388e-07
4.268241886371931388e-07
4.268241886371931388e-07
4.294717187882041586e-07
4.294717187882041586e-07
4.294717187882041586e-07
4.294717187882041586e-07
4.294717187882041586e-07
4.294717187882041586e-07
4.321356711947647146e-07
4.321356711947647146e-07
4.321356711947647146e-07
4.321356711947647146e-07
4.348161477218061913e-07
4.348161477218061913e-07
4.348161477218061913e-07
4.348161477218061913e-07
4.348161477218061913e-07
4.348161477218061913e-07
4.348161477218061913e-07
4.348161477218061913e-07
4.321356711947647146e-07
4.321356711947647146e-07
4.294717187882041586e-07
4.268241886371931388e-07
4.215779907780159168e-07
4.189791224643194288e-07
4.112782492985319598e-07
4.062231302859819529e-07
3.987567133797125813e-07
3.890145277085864951e-07
3.795103572945485204e-07
3.679560079494697123e-07
3.567534355354339126e-07
3.458919300586960965e-07
3.312391042707653833e-07
3.191745981844834270e-07
3.056535837383343354e-07
2.927053524418872477e-07
2.785776619175510169e-07
2.667764327076234322e-07
2.539002251185326651e-07
2.416454994204569124e-07
2.299822592236837601e-07
2.175326317544077021e-07
2.070332210851722923e-07
1.958258936809842925e-07
1.863741785022337690e-07
1.762851868553240561e-07
1.677766216953779275e-07
1.586943714156745638e-07
1.501037705046951499e-07
1.428588752592372315e-07
1.351254971123278617e-07
1.278107498517009937e-07
1.208919717355381813e-07
1.143477277698770883e-07
1.081577433010813309e-07
1.029374112763308134e-07
9.796904333308644784e-08
9.266568603441753267e-08
8.764941532637419848e-08
8.290469035325400606e-08
7.841681153234969485e-08
7.417187501332601920e-08
7.015672960284681552e-08
6.594985836531635609e-08
6.237979530449068016e-08
5.900299043366249810e-08
5.546494091526550906e-08
5.246245779186573801e-08
5.827777061168739746e-08
5.512302060486288889e-08
5.213904665040102083e-08
4.901258598230096592e-08
4.635938812762630850e-08
4.384981580739279413e-08
4.122040976273525809e-08
4.607360009437319925e-08
4.331084726732816159e-08
4.096630158073016709e-08
3.874867316367014823e-08
3.642515153506079530e-08
3.445334915058914996e-08
3.687843314886321827e-08
3.488209327506713445e-08
3.279042686281492595e-08
3.101538299474186741e-08
3.198931075363275729e-08
3.025763369634162770e-08
2.861969749685900864e-08
2.897584653457616274e-08
2.740729730743109183e-08
2.592365834080391600e-08
2.608445913164223885e-08
2.467242935150753126e-08
2.452033318836292291e-08
2.319297422316232738e-08
2.193746916830478201e-08
2.166783050477450943e-08
2.036854284632410131e-08
1.999416723517463191e-08
1.962667268072523676e-08
1.856422219362573762e-08
1.811067221344490491e-08
1.766820309527792368e-08
1.660874870164901532e-08
1.620297368097253257e-08
1.570966746484264809e-08
1.504416763514265854e-08
1.458614174699158587e-08
1.405488020928949039e-08
1.354296846444812878e-08
1.296925528898513774e-08
1.257440096294590952e-08
1.204171866918332265e-08
1.153160209659698311e-08
1.104309530620005680e-08
1.070688371522151178e-08
1.025331400694832383e-08
9.879864231102199002e-09
9.461329085277369788e-09
9.116725260240036843e-09
8.784672715806098487e-09
8.464714304859532190e-09
8.106128361461939308e-09
7.762732993218021284e-09
7.433884690314442352e-09
7.163125151556286929e-09
6.859677699269418910e-09
6.609832127639328162e-09
6.408593062493615032e-09
6.137109429803702038e-09
5.913581491485399642e-09
5.663067756276941041e-09
5.423166393895077126e-09
5.225641937626217584e-09
5.004270999804256844e-09
4.792277874832297055e-09
4.617731860057399666e-09
4.449543221058603201e-09
5.161412326756379252e-09
4.942762311906927748e-09
4.762735300523932257e-09
4.617731860057399666e-09
4.449543221058603201e-09
4.261049717775725269e-09
4.105852280060058343e-09
3.931918363300310374e-09
3.788708662473368121e-09
3.673359864709285655e-09
3.673359864709285655e-09
3.539567471620748441e-09
3.410648111697388329e-09
3.286424297627103823e-09
3.166725006602524983e-09
3.765352711479441379e-09
3.628209722868083151e-09
3.583614532184230286e-09
3.539567471620748441e-09
3.474509909801496962e-09
3.453090874871463561e-09
3.306809523320999063e-09
3.246030073087935030e-09
3.835856084086703537e-09
3.788708662473368121e-09
3.859649357541950968e-09
5.323488118016537201e-09
1.153160209659698311e-08
1.296925528898513774e-08
9.969129247457621246e-02
9.969129247457621246e-02
9.969129247457621246e-02
9.969129247457621246e-02
9.969129247457621246e-02
9.969129247457621246e-02
9.969129247457621246e-02
