4.597011454948012756e-07
4.597011454948012756e-07
4.920583449953507474e-07
5.170124205309146786e-07
6.956763293296950455e-07
6.147468174393886172e-07
5.106576976122873001e-07
4.568672624009717469e-07
4.625526067651612833e-07
5.997276906503545661e-07
5.138252351775578149e-07
5.332473562120827345e-07
5.534036155482219083e-07
4.540508491208858178e-07
4.268241886371931388e-07
4.484700018867559821e-07
5.778841997077858879e-07
4.597011454948012756e-07
6.499294417809357710e-07
4.625526067651612833e-07
5.672626372292373395e-07
6.147468174393886172e-07
4.597011454948012756e-07
4.712135533707214591e-07
5.299600886418177922e-07
4.540508491208858178e-07
4.512517979597718955e-07
4.568672624009717469e-07
5.398831892009182418e-07
5.923562946270294749e-07
5.778841997077858879e-07
5.075096867139465967e-07
5.997276906503545661e-07
5.466015997758265545e-07
4.770774257478030482e-07
5.170124205309146786e-07
4.800366696300837644e-07
4.241929795047588400e-07
4.540508491208858178e-07
4.512517979597718955e-07
4.087428749820455411e-07
4.951105134035922991e-07
4.860103385682849964e-07
4.138293501837689514e-07
4.457053545307685994e-07
4.189791224643194288e-07
4.512517979597718955e-07
3.962985295799279160e-07
4.062231302859819529e-07
4.163962751874409633e-07
3.987567133797125813e-07
4.012301449463762997e-07
4.163962751874409633e-07
4.215779907780159168e-07
3.987567133797125813e-07
3.914275298736658749e-07
4.062231302859819529e-07
3.866164007860598307e-07
3.795103572945485204e-07
3.890145277085864951e-07
3.818644064330624301e-07
3.987567133797125813e-07
3.890145277085864951e-07
3.818644064330624301e-07
3.795103572945485204e-07
3.890145277085864951e-07
3.866164007860598307e-07
3.818644064330624301e-07
3.725349235081624668e-07
3.748457050162152635e-07
3.771708199755527152e-07
3.795103572945485204e-07
3.725349235081624668e-07
3.818644064330624301e-07
3.795103572945485204e-07
3.842330574058610432e-07
3.795103572945485204e-07
3.818644064330624301e-07
3.795103572945485204e-07
3.818644064330624301e-07
3.771708199755527152e-07
3.771708199755527152e-07
3.771708199755527152e-07
3.771708199755527152e-07
3.771708199755527152e-07
3.702383870911071655e-07
3.771708199755527152e-07
3.795103572945485204e-07
3.795103572945485204e-07
3.771708199755527152e-07
3.771708199755527152e-07
3.748457050162152635e-07
3.748457050162152635e-07
3.771708199755527152e-07
3.748457050162152635e-07
3.771708199755527152e-07
3.748457050162152635e-07
3.725349235081624668e-07
3.748457050162152635e-07
3.771708199755527152e-07
3.771708199755527152e-07
3.748457050162152635e-07
3.795103572945485204e-07
3.795103572945485204e-07
3.771708199755527152e-07
3.702383870911071655e-07
3.702383870911071655e-07
3.771708199755527152e-07
3.795103572945485204e-07
3.795103572945485204e-07
3.725349235081624668e-07
3.725349235081624668e-07
3.725349235081624668e-07
3.795103572945485204e-07
3.702383870911071655e-07
3.725349235081624668e-07
3.725349235081624668e-07
3.725349235081624668e-07
3.725349235081624668e-07
3.748457050162152635e-07
3.771708199755527152e-07
3.748457050162152635e-07
3.748457050162152635e-07
3.748457050162152635e-07
3.748457050162152635e-07
3.748457050162152635e-07
3.795103572945485204e-07
3.771708199755527152e-07
3.771708199755527152e-07
3.771708199755527152e-07
3.771708199755527152e-07
3.771708199755527152e-07
3.771708199755527152e-07
3.771708199755527152e-07
3.771708199755527152e-07
3.771708199755527152e-07
3.748457050162152635e-07
3.748457050162152635e-07
3.725349235081624668e-07
3.702383870911071655e-07
3.679560079494697123e-07
3.634333729335410264e-07
3.589663267028079106e-07
3.545541860022588774e-07
3.480374488418412628e-07
3.416404898842895932e-07
3.332937336453347925e-07
3.251509003656759873e-07
3.152515471056644161e-07
3.056535837383343354e-07
2.945209623969521590e-07
2.837938172695727928e-07
2.717716189967271715e-07
2.602587103648688205e-07
2.492335166226476311e-07
2.386753769778017306e-07
2.271554924468514202e-07
2.161916256387463519e-07
2.057569398514963852e-07
1.958258936809842925e-07
1.852252524254554447e-07
1.762851868553240561e-07
1.667423424980733410e-07
1.586943714156745638e-07
1.501037705046951499e-07
1.428588752592372315e-07
1.351254971123278617e-07
1.278107498517009937e-07
1.216418475596027713e-07
1.150570105730306853e-07
1.088286305049420511e-07
1.035759174980406596e-07
9.796904333308644784e-08
9.266568603441753267e-08
8.764941532637419848e-08
8.290469035325400606e-08
7.890321993750809871e-08
7.463195267687596680e-08
7.059190188657543561e-08
6.677055112759895756e-08
6.315606151321372518e-08
6.010777666173748154e-08
5.685396295466691465e-08
5.377628791431000825e-08
5.086521662788294695e-08
4.811173033594571520e-08
4.550729849147799753e-08
4.304385233148086199e-08
4.071375987922669999e-08
3.850980229971209507e-08
3.642515153506079530e-08
3.445334915058914996e-08
3.238739190887179161e-08
3.044531752411410746e-08
3.402987482235949344e-08
3.198931075363275729e-08
3.025763369634162770e-08
2.861969749685900864e-08
2.707042768221334958e-08
2.544717921768784826e-08
2.406964730512416704e-08
2.673769860187025617e-08
2.529030701565529843e-08
2.392126706452456647e-08
2.262633734015509264e-08
2.126957387204871283e-08
1.999416723517463191e-08
2.153425655319918489e-08
2.024297851005078321e-08
1.914716554530562925e-08
1.799902679270459441e-08
1.867937344160121054e-08
1.766820309527792368e-08
1.660874870164901532e-08
1.691973491940301201e-08
1.600381906860430606e-08
1.513748448191762245e-08
1.523138015991164581e-08
1.431804717724045273e-08
1.431804717724045273e-08
1.354296846444812878e-08
1.280984708030455776e-08
1.257440096294590952e-08
1.189371103422526226e-08
1.167510357806759748e-08
1.146051414620447249e-08
1.084012224202788791e-08
1.057528285491272532e-08
1.025331400694832383e-08
9.698271456523324876e-09
9.403003582278969979e-09
9.116725260240036843e-09
8.784672715806098487e-09
8.464714304859532190e-09
8.207002586839871912e-09
7.859333940376641146e-09
7.573078540771743569e-09
7.342513041317182150e-09
7.031466280492861806e-09
6.733596219100312980e-09
6.448344660013628382e-09
6.252022147420264326e-09
5.987171240569422301e-09
5.769104403230020784e-09
5.524711069859773087e-09
5.323488118016537201e-09
5.129594178647710529e-09
4.912292058156627050e-09
4.733374844974029565e-09
4.532857541836576914e-09
4.340834640721861684e-09
4.182731248739121639e-09
4.005540551358273139e-09
3.859649357541950968e-09
3.742140741059221372e-09
3.561522908665155338e-09
3.453090874871463561e-09
3.306809523320999063e-09
3.166725006602524983e-09
3.032574811678473256e-09
2.922121315092836550e-09
2.798333129129699577e-09
2.679788912643427919e-09
2.582184707011625950e-09
3.013880138902884030e-09
2.886204825363321825e-09
2.781082467426414175e-09
2.696411264734628411e-09
2.598201634002387432e-09
2.488135475770556230e-09
2.382731988452858003e-09
2.295947293632617263e-09
2.212323501209936052e-09
2.144968399811561840e-09
2.144968399811561840e-09
2.066843613272905966e-09
1.979287076781737108e-09
1.919026865433706650e-09
1.849131400196491414e-09
2.185131305629566961e-09
2.118604081840212250e-09
2.079663952253778328e-09
2.066843613272905966e-09
2.028854845656715700e-09
2.003917707061431131e-09
1.930930318007605885e-09
1.895439648726783866e-09
2.239854081718742607e-09
2.212323501209936052e-09
2.253747580196768454e-09
3.108520322122452097e-09
9.969129247457621246e-02
9.969129247457621246e-02
9.969129247457621246e-02
9.969129247457621246e-02
9.969129247457621246e-02
9.969129247457621246e-02
9.969129247457621246e-02
9.969129247457621246e-02
9.969129247457621246e-02
