1.000000000000000056e-01 2.126821747296212577e-07
2.169052183045735716e-01 3.727593720314937660e-08
4.704787372775471876e-01 1.653816783395672977e-08
1.020492932168464595e+00 3.255405118685032021e-09
2.213502422302752848e+00 1.821814698566970994e-09
4.801202261272811356e+00 9.077853991937557496e-10
2.258863577297735503e+01 4.027559979850293142e-10
4.899592973540154617e+01 2.843030459302665067e-10
1.062747283529282356e+02 2.253933904734793607e-10
2.305154315365115849e+02 2.531403315241569358e-10
4.999999999999999432e+02 0.000000000000000000e+00
