1.000000000000000056e-01 1.893698888950360233e-07
2.169052183045735716e-01 2.631286073895944489e-08
4.704787372775471876e-01 1.472540427624120825e-08
1.020492932168464595e+00 1.000000000000000048e-04
2.213502422302752848e+00 2.210740742743128062e-05
4.801202261272811356e+00 4.887374631624426739e-06
1.041405824605790720e+01 1.080471822318128560e-06
2.258863577297735503e+01 1.893698888950360233e-07
4.899592973540154617e+01 4.186477288289947027e-08
1.062747283529282356e+02 9.255215909791353611e-09
2.305154315365115849e+02 1.286008080610565084e-09
4.999999999999999432e+02 0.000000000000000000e+00
