1.000E-03 2.065E+06 
1.032E-03 1.934E+06 
1.065E-03 1.811E+06 
1.065E-03 1.915E+06 
1.139E-03 1.667E+06 
1.217E-03 1.452E+06 
1.217E-03 1.519E+06 
1.500E-03 9.550E+05 
2.000E-03 4.895E+05 
3.000E-03 1.821E+05 
4.000E-03 8.821E+04 
5.000E-03 4.972E+04 
5.012E-03 4.943E+04 
5.012E-03 1.462E+05 
5.183E-03 1.344E+05 
5.359E-03 1.235E+05 
5.359E-03 1.687E+05 
5.534E-03 1.557E+05 
5.714E-03 1.437E+05 
5.714E-03 1.655E+05 
6.000E-03 1.471E+05 
8.000E-03 7.015E+04 
1.000E-02 3.892E+04 
1.500E-02 1.304E+04 
2.000E-02 5.909E+03 
3.000E-02 1.905E+03 
3.598E-02 1.140E+03 
3.598E-02 6.783E+03 
4.000E-02 5.119E+03 
5.000E-02 2.853E+03 
6.000E-02 1.737E+03 
8.000E-02 7.856E+02 
1.000E-01 4.200E+02 
1.500E-01 1.328E+02 
2.000E-01 5.861E+01 
3.000E-01 1.890E+01 
4.000E-01 8.741E+00 
5.000E-01 4.940E+00 
6.000E-01 3.168E+00 
8.000E-01 1.644E+00 
1.000E+00 1.027E+00 
1.022E+00 9.828E-01 
1.250E+00 6.627E-01 
1.500E+00 4.741E-01 
2.000E+00 2.884E-01 
2.044E+00 2.782E-01 
3.000E+00 1.527E-01 
4.000E+00 1.011E-01 
5.000E+00 7.467E-02 
6.000E+00 5.889E-02 
7.000E+00 4.847E-02 
8.000E+00 4.111E-02 
9.000E+00 3.565E-02 
1.000E+01 3.145E-02 
1.100E+01 2.812E-02 
1.200E+01 2.542E-02 
1.300E+01 2.318E-02 
1.400E+01 2.130E-02 
1.500E+01 1.971E-02 
1.600E+01 1.833E-02 
1.800E+01 1.607E-02 
2.000E+01 1.431E-02 
2.200E+01 1.290E-02 
2.400E+01 1.173E-02 
2.600E+01 1.076E-02 
2.800E+01 9.938E-03 
3.000E+01 9.231E-03 
4.000E+01 6.808E-03 
5.000E+01 5.391E-03 
6.000E+01 4.462E-03 
8.000E+01 3.317E-03 
1.000E+02 2.640E-03 
1.500E+02 1.748E-03 
2.000E+02 1.306E-03 
3.000E+02 8.678E-04 
4.000E+02 6.497E-04 
5.000E+02 5.192E-04 
6.000E+02 4.324E-04 
8.000E+02 3.240E-04 
1.000E+03 2.590E-04 
1.500E+03 1.726E-04 
2.000E+03 1.294E-04 
3.000E+03 8.623E-05 
4.000E+03 6.466E-05 
5.000E+03 5.172E-05 
6.000E+03 4.310E-05 
8.000E+03 3.232E-05 
1.000E+04 2.586E-05 
1.500E+04 1.724E-05 
2.000E+04 1.293E-05 
3.000E+04 8.617E-06 
4.000E+04 6.463E-06 
5.000E+04 5.170E-06 
6.000E+04 4.308E-06 
8.000E+04 3.231E-06 
1.000E+05 2.585E-06 