1.000000000000000056e-01 1.686128838286880416e-07
2.169052183045735716e-01 4.701851489299856288e-08
4.704787372775471876e-01 2.631286073895944489e-08
1.020492932168464595e+00 6.533201459593783214e-09
2.213502422302752848e+00 4.106249917244293715e-09
4.801202261272811356e+00 3.255405118685032021e-09
1.041405824605790720e+01 2.046088289466015154e-09
2.258863577297735503e+01 1.444321464727279011e-09
4.899592973540154617e+01 1.019537868532730279e-09
1.062747283529282356e+02 8.082822192522722452e-10
2.305154315365115849e+02 0.000000000000000000e+00
4.999999999999999432e+02 0.000000000000000000e+00
