1.000000000000000021e-08 9.843829037597304731e-04
3.727593720314937660e-08 7.169167874147956159e-07
1.389495494373135967e-07 8.659643233600653595e-07
5.179474679231212542e-07 1.224307824331879662e-06
1.930697728883249761e-06 3.819717549283664621e-07
7.196856730011513747e-06 7.879240830937492014e-07
2.682695795279727390e-05 6.731703824144982145e-07
1.000000000000000048e-04 9.222395651044234809e-07
3.727593720314937870e-04 3.819717549283664621e-07
1.389495494373136101e-03 3.819717549283664621e-07
5.179474679231202416e-03 4.067944321083047445e-07
1.930697728883249559e-02 4.613839682733213992e-07
7.196856730011513825e-02 5.400349594288429227e-07
2.682695795279722017e-01 6.731703824144982145e-07
1.000000000000000000e+00 1.045998953430253492e-06
