896362.7519866053 1.0668131028750745
932743.9032273102 0.10400771291244365
4401781.792991167 0.021735846344014605
30922939.982902706 0.002975296187902772
39260197.84315602 0.0024080092109331317
119606223.96979891 0.002309197454939393
151853737.67576385 0.0032401088203754896
164430630.23855484 0.00464325816016604
6921062740.055528 0.0046499131327931075
8114976322.865116 0.001614033277715566
9901029296.722801 0.0016141562433003485
9901029296.722801 0.0010571145265816377
10721056407.229698 0.0010571467404738514
12080180795.888073 0.0008029154822476633
14738949223.152655 0.0008376937415610285
18712776431.385147 0.0008926855460647386
43150834683.81192 0.000931579269010701
66842701769.8845 0.000951664305022592
107745070140.19254 0.0011515525828861607
121404074162.08095 0.006129239140963541
121404074162.08095 0.02584678714421931
121404074162.08095 0.9047408786351816
