5.034355089408598e-15 6.523050282939622e-8
0.00007273962509069846 6.58175317327688e-8
0.00040248677970496603 6.586066743479206e-8
0.0005533253425531227 7.01863396796958e-8
0.000823695585919884 9.242810716345296e-8
0.0009281167098400111 1.2696720449973432e-7
0.0010457754561380244 2.1552160903506878e-7
0.0011323891000164185 3.0238683438364965e-7
0.0011323891000164185 4.153655995535235e-7
0.0012759437633652116 4.153845861121045e-7
0.0012759437633652116 3.088687043625286e-7
0.0013816205012158907 2.960770790795383e-7
0.0014960496412048236 3.291348763662572e-7
0.0014960496412048236 5.025710102503773e-7
0.0014960496412048236 5.586673824016996e-7
0.0018253203382965282 5.243398580361219e-7
0.002056718933235365 7.051949508010324e-7
0.0022270613525335447 7.052164405011203e-7
0.0022270613525335447 9.091102324410545e-7
0.0027172229245948434 0.0000013882675135272417
0.004379945257223519 0.0000028513633715622814
0.008614006270842474 0.00003183898211783882
0.1015031410010377 0.2854797571750125
0.13954311817592327 0.9339726053256135