1.768335671300198753e+00 2.900020000000000000e+05
2.026206738441867827e+00 1.513880000000000000e+05
2.321682366950491350e+00 5.598100000000000000e+04
2.660246316796800237e+00 0.000000000000000000e+00
3.048182028158485934e+00 3.942200000000000000e+04
3.492689236377239048e+00 5.513700000000000000e+04
4.002017592523892553e+00 3.817400000000000000e+04
4.585619769448294747e+00 2.699200000000000000e+04
5.254326894823486249e+00 2.787600000000000000e+04
6.020549567062554175e+00 1.233700000000000000e+04
6.898508184781447561e+00 8.413000000000000000e+03
7.904496864513925303e+00 5.586000000000000000e+03
9.057185844752307702e+00 3.556000000000000000e+03
1.037796798865907988e+01 2.095000000000000000e+03
1.189135581622571891e+01 1.324000000000000000e+03
1.362543643443593133e+01 1.064000000000000000e+03
1.561239280852498368e+01 8.240000000000000000e+02
1.788910104865740536e+01 6.320000000000000000e+02
2.049781479712270027e+01 4.660000000000000000e+02
2.348694941765538147e+01 3.660000000000000000e+02
2.691198054072263446e+01 3.270000000000000000e+02
3.083647364096606935e+01 2.960000000000000000e+02
3.533326375482219817e+01 2.620000000000000000e+02
4.048580723281172311e+01 2.450000000000000000e+02
4.638973061379559937e+01 2.150000000000000000e+02
5.315460536690078186e+01 2.040000000000000000e+02
6.090598143871788750e+01 2.470000000000000000e+02
6.978771734656442050e+01 2.440000000000000000e+02
7.996465006223355942e+01 2.170000000000000000e+02
9.162565423685198596e+01 2.220000000000000000e+02
1.049871475432885575e+02 2.130000000000000000e+02
1.202971071920930513e+02 2.290000000000000000e+02
1.378396721638621898e+02 1.900000000000000000e+02
1.579404165712959127e+02 1.600000000000000000e+02
1.809723920197659197e+02 1.470000000000000000e+02
2.073630511071349645e+02 1.180000000000000000e+02
2.376021805567107776e+02 1.040000000000000000e+02
2.722509912150946434e+02 7.900000000000000000e+01
3.119525336170493119e+02 7.800000000000000000e+01
3.574436324208347742e+02 6.800000000000000000e+01
4.095685612063194299e+02 4.300000000000000000e+01
4.692947114277284300e+02 3.700000000000000000e+01
