5.155377980720250000e+12 2.631578947368420813e+02 3.947368421052631360e-02
1.267916032470864844e+13 2.631578947368420813e+02 1.184210526315789408e-01
1.381976154236490234e+13 2.631578947368420813e+02 1.973684210526315819e-01
1.201642567224782812e+13 2.631578947368420813e+02 2.763157894736841813e-01
1.024448249619468750e+13 2.631578947368420813e+02 3.552631578947368363e-01
8.385337392186291016e+12 2.631578947368420813e+02 4.342105263157894912e-01
7.007546930491813477e+12 2.631578947368420813e+02 5.131578947368420351e-01
5.336757990867371094e+12 2.631578947368420813e+02 5.921052631578946901e-01
4.635654490106383789e+12 2.631578947368420813e+02 6.710526315789473450e-01
3.453196347031882324e+12 2.631578947368420813e+02 7.500000000000000000e-01
2.919520547945160645e+12 2.631578947368420813e+02 8.289473684210526550e-01
2.368404363267369629e+12 2.631578947368420813e+02 9.078947368421051989e-01
1.977739726027400879e+12 2.631578947368420813e+02 9.868421052631577428e-01
1.475456621004568848e+12 2.631578947368420813e+02 1.065789473684210398e+00
1.496385083713853516e+12 2.631578947368420813e+02 1.144736842105263053e+00
1.001078132927449707e+12 2.631578947368420813e+02 1.223684210526315708e+00
9.557331303906662598e+11 2.631578947368420813e+02 1.302631578947368363e+00
7.115677321156784668e+11 2.631578947368420813e+02 1.381578947368421018e+00
6.348300355149680176e+11 2.631578947368420813e+02 1.460526315789473673e+00
1.089675291730086328e+13 7.894736842105262440e+02 3.947368421052631360e-02
1.619165398275099609e+13 7.894736842105262440e+02 1.184210526315789408e-01
1.161529680365312109e+13 7.894736842105262440e+02 1.973684210526315819e-01
7.356354642313200195e+12 7.894736842105262440e+02 2.763157894736841813e-01
4.754249112125655273e+12 7.894736842105262440e+02 3.552631578947368363e-01
2.985794013191224121e+12 7.894736842105262440e+02 4.342105263157894912e-01
1.667300862506344971e+12 7.894736842105262440e+02 5.131578947368420351e-01
1.084791983764588379e+12 7.894736842105262440e+02 5.921052631578946901e-01
7.045915778792502441e+11 7.894736842105262440e+02 6.710526315789473450e-01
3.139269406392698364e+11 7.894736842105262440e+02 7.500000000000000000e-01
1.709157787924913025e+11 7.894736842105262440e+02 8.289473684210526550e-01
1.185946220192796478e+11 7.894736842105262440e+02 9.078947368421051989e-01
6.627346524606797791e+10 7.894736842105262440e+02 9.868421052631577428e-01
4.534500253678335571e+10 7.894736842105262440e+02 1.065789473684210398e+00
2.790461694571283340e+10 7.894736842105262440e+02 1.144736842105263053e+00
1.395230847285641670e+10 7.894736842105262440e+02 1.223684210526315708e+00
6.976154236428208351e+09 7.894736842105262440e+02 1.302631578947368363e+00
6.976154236428208351e+09 7.894736842105262440e+02 1.381578947368421018e+00
1.116882293252162109e+13 1.315789473684210407e+03 3.947368421052631360e-02
1.219780568239500000e+13 1.315789473684210407e+03 1.184210526315789408e-01
6.697108066970779297e+12 1.315789473684210407e+03 1.973684210526315819e-01
3.721778285134350098e+12 1.315789473684210407e+03 2.763157894736841813e-01
1.914954337899546875e+12 1.315789473684210407e+03 3.552631578947368363e-01
9.348046676813815918e+11 1.315789473684210407e+03 4.342105263157894912e-01
4.674023338406907349e+11 1.315789473684210407e+03 5.131578947368420351e-01
2.162607813292747498e+11 1.315789473684210407e+03 5.921052631578946901e-01
9.417808219178086853e+10 1.315789473684210407e+03 6.710526315789473450e-01
6.976154236428208923e+10 1.315789473684210407e+03 7.500000000000000000e-01
1.046423135464231300e+10 1.315789473684210407e+03 8.289473684210526550e-01
3.488077118214104176e+09 1.315789473684210407e+03 9.078947368421051989e-01
9.871258244545699219e+12 1.842105263157894569e+03 3.947368421052631360e-02
8.950405885336980469e+12 1.842105263157894569e+03 1.184210526315789408e-01
3.969431760527534668e+12 1.842105263157894569e+03 1.973684210526315819e-01
1.845192795535264648e+12 1.842105263157894569e+03 2.763157894736841813e-01
8.685312024353134766e+11 1.842105263157894569e+03 3.552631578947368363e-01
3.767123287671238403e+11 1.842105263157894569e+03 4.342105263157894912e-01
1.151065449010655365e+11 1.842105263157894569e+03 5.131578947368420351e-01
3.139269406392693710e+10 1.842105263157894569e+03 5.921052631578946901e-01
2.092846270928462601e+10 1.842105263157894569e+03 6.710526315789473450e-01
8.859715880263394531e+12 2.368421052631578732e+03 3.947368421052631360e-02
6.595953830542577148e+12 2.368421052631578732e+03 1.184210526315789408e-01
2.745116692034467285e+12 2.368421052631578732e+03 1.973684210526315819e-01
9.906139015728073730e+11 2.368421052631578732e+03 2.763157894736841813e-01
4.185692541856931763e+11 2.368421052631578732e+03 3.552631578947368363e-01
1.569634703196348572e+11 2.368421052631578732e+03 4.342105263157894912e-01
2.441653982749872971e+10 2.368421052631578732e+03 5.131578947368420351e-01
2.441653982749872971e+10 2.368421052631578732e+03 5.921052631578946901e-01
8.050481988837759766e+12 2.894736842105262895e+03 3.947368421052631360e-02
5.155377980720250000e+12 2.894736842105262895e+03 1.184210526315789408e-01
1.667300862506344971e+12 2.894736842105262895e+03 1.973684210526315819e-01
4.953069507864036255e+11 2.894736842105262895e+03 2.763157894736841813e-01
1.569634703196348572e+11 2.894736842105262895e+03 3.552631578947368363e-01
6.278538812785387421e+10 2.894736842105262895e+03 4.342105263157894912e-01
1.046423135464231300e+10 2.894736842105262895e+03 5.131578947368420351e-01
6.958713850836819336e+12 3.421052631578947057e+03 3.947368421052631360e-02
4.021752917300742676e+12 3.421052631578947057e+03 1.184210526315789408e-01
1.112696600710301270e+12 3.421052631578947057e+03 1.973684210526315819e-01
2.825342465753428345e+11 3.421052631578947057e+03 2.763157894736841813e-01
9.069000507356675720e+10 3.421052631578947057e+03 3.552631578947368363e-01
2.092846270928462601e+10 3.421052631578947057e+03 4.342105263157894912e-01
3.488077118214104176e+09 3.421052631578947057e+03 5.131578947368420351e-01
6.034373414510144531e+12 3.947368421052631220e+03 3.947368421052631360e-02
2.741628614916253418e+12 3.947368421052631220e+03 1.184210526315789408e-01
7.883054287163889160e+11 3.947368421052631220e+03 1.973684210526315819e-01
1.639396245560630798e+11 3.947368421052631220e+03 2.763157894736841813e-01
2.790461694571283340e+10 3.947368421052631220e+03 3.552631578947368363e-01
6.976154236428208351e+09 3.947368421052631220e+03 4.342105263157894912e-01
5.497209538305208984e+12 4.473684210526314928e+03 3.947368421052631360e-02
2.173072044647391113e+12 4.473684210526314928e+03 1.184210526315789408e-01
4.639142567224766235e+11 4.473684210526314928e+03 1.973684210526315819e-01
6.976154236428208923e+10 4.473684210526314928e+03 2.763157894736841813e-01
1.395230847285641670e+10 4.473684210526314928e+03 3.552631578947368363e-01
6.976154236428208351e+09 4.473684210526314928e+03 4.342105263157894912e-01
4.876331811263140625e+12 5.000000000000000000e+03 3.947368421052631360e-02
1.635908168442417969e+12 5.000000000000000000e+03 1.184210526315789408e-01
3.313673262303403931e+11 5.000000000000000000e+03 1.973684210526315819e-01
5.232115677321156311e+10 5.000000000000000000e+03 2.763157894736841813e-01
1.395230847285641670e+10 5.000000000000000000e+03 3.552631578947368363e-01
4.115930999492517090e+12 5.526315789473683253e+03 3.947368421052631360e-02
1.283612379502792725e+12 5.526315789473683253e+03 1.184210526315789408e-01
2.267250126839170837e+11 5.526315789473683253e+03 1.973684210526315819e-01
2.790461694571283340e+10 5.526315789473683253e+03 2.763157894736841813e-01
3.767123287671130371e+12 6.052631578947368325e+03 3.947368421052631360e-02
1.102232369355658936e+12 6.052631578947368325e+03 1.184210526315789408e-01
1.116184677828514252e+11 6.052631578947368325e+03 1.973684210526315819e-01
2.441653982749872971e+10 6.052631578947368325e+03 2.763157894736841813e-01
6.976154236428208351e+09 6.052631578947368325e+03 3.552631578947368363e-01
3.400875190258674316e+12 6.578947368421051578e+03 3.947368421052631360e-02
9.069000507356687012e+11 6.578947368421051578e+03 1.184210526315789408e-01
1.185946220192796478e+11 6.578947368421051578e+03 1.973684210526315819e-01
6.976154236428208351e+09 6.578947368421051578e+03 2.763157894736841813e-01
3.100900558092281738e+12 7.105263157894736651e+03 3.947368421052631360e-02
6.313419583967539062e+11 7.105263157894736651e+03 1.184210526315789408e-01
4.534500253678335571e+10 7.105263157894736651e+03 1.973684210526315819e-01
2.671867072551976074e+12 7.631578947368419904e+03 3.947368421052631360e-02
4.778665651953330688e+11 7.631578947368419904e+03 1.184210526315789408e-01
3.488077118214104462e+10 7.631578947368419904e+03 1.973684210526315819e-01
2.462582445459144043e+12 8.157894736842104976e+03 3.947368421052631360e-02
3.557838660578391724e+11 8.157894736842104976e+03 1.184210526315789408e-01
1.046423135464231300e+10 8.157894736842104976e+03 1.973684210526315819e-01
3.488077118214104176e+09 8.157894736842104976e+03 3.552631578947368363e-01
2.057965499746325439e+12 8.684210526315788229e+03 3.947368421052631360e-02
3.069507864028416138e+11 8.684210526315788229e+03 1.184210526315789408e-01
2.441653982749872971e+10 8.684210526315788229e+03 1.973684210526315819e-01
2.134703196347035889e+12 9.210526315789473301e+03 3.947368421052631360e-02
2.371892440385594177e+11 9.210526315789473301e+03 1.184210526315789408e-01
6.976154236428208351e+09 9.210526315789473301e+03 1.973684210526315819e-01
1.737062404870627197e+12 9.736842105263156554e+03 3.947368421052631360e-02
2.023084728564183044e+11 9.736842105263156554e+03 1.184210526315789408e-01
1.046423135464231300e+10 9.736842105263156554e+03 1.973684210526315819e-01
