1.089204369735236875e-05
1.089204369735236875e-05
1.089204369735236875e-05
1.089204369735236875e-05
1.089204369735236875e-05
1.089204369735236875e-05
1.089204369735236875e-05
1.139306630814716731e-05
1.139306630814716731e-05
1.139306630814716731e-05
1.139306630814716731e-05
1.139306630814716731e-05
1.139306630814716731e-05
1.139306630814716731e-05
1.139306630814716731e-05
1.139306630814716731e-05
1.191713543468341943e-05
1.191713543468341943e-05
1.191713543468341943e-05
1.191713543468341943e-05
1.246531119256544685e-05
1.246531119256544685e-05
1.303870246160588322e-05
1.303870246160588322e-05
1.303870246160588322e-05
1.363846912892822506e-05
1.363846912892822506e-05
1.426582443524974563e-05
1.492203742909097193e-05
1.492203742909097193e-05
1.560843553387622717e-05
1.632640723311811658e-05
1.707740487911767213e-05
1.786294763086179068e-05
1.786294763086179068e-05
1.868462452706086052e-05
1.954409770054290525e-05
2.044310574050650373e-05
2.138346720943381160e-05
2.339594679186592847e-05
2.447213585880166176e-05
2.559782849650951825e-05
2.677530181743607482e-05
2.800693767881730207e-05
3.064277730636855884e-05
3.205231299265783740e-05
3.352668584533902130e-05
3.668201000626807040e-05
3.836934407627448927e-05
4.198042925663985107e-05
4.391148506699808378e-05
4.804416225475646772e-05
5.025414343690855391e-05
5.498375237304849118e-05
6.015848282870846095e-05
6.582022688626042021e-05
7.201481925158132044e-05
7.879240830937491802e-05
8.620786209992369867e-05
9.865988956531018578e-05
1.079451477234258557e-04
1.181042769089946960e-04
1.292195204543633330e-04
1.413808619252800419e-04
1.546867535837551197e-04
1.770300022995598252e-04
1.936909704024593673e-04
2.119199657014277343e-04
2.318645612109755878e-04
2.536862186043476602e-04
2.653555191598261820e-04
2.903291382256448293e-04
3.176531197456507758e-04
3.475486652866450425e-04
3.802577945377860974e-04
3.977492551202206606e-04
4.351829531738218761e-04
4.552009135705046791e-04
4.761396791952432223e-04
4.761396791952432223e-04
4.552009135705046791e-04
3.977492551202206606e-04
2.425300883642454426e-04
9.777647473167088776e+01
9.777647473167088776e+01
9.777647473167088776e+01
9.777647473167088776e+01
9.777647473167088776e+01
9.777647473167088776e+01
9.777647473167088776e+01
9.777647473167088776e+01
9.777647473167088776e+01
9.777647473167088776e+01
9.777647473167088776e+01
9.777647473167088776e+01
9.777647473167088776e+01
9.777647473167088776e+01
9.777647473167088776e+01
9.777647473167088776e+01
9.777647473167088776e+01
