2.582910602481916006e-06
2.582910602481916006e-06
2.582910602481916006e-06
2.582910602481916006e-06
2.582910602481916006e-06
2.582910602481916006e-06
2.582910602481916006e-06
2.582910602481916006e-06
2.582910602481916006e-06
2.582910602481916006e-06
2.582910602481916006e-06
2.582910602481916006e-06
2.582910602481916006e-06
2.582910602481916006e-06
2.582910602481916006e-06
2.701721786999990099e-06
2.701721786999990099e-06
2.701721786999990099e-06
2.701721786999990099e-06
2.701721786999990099e-06
2.701721786999990099e-06
2.701721786999990099e-06
2.701721786999990099e-06
2.360733022023855671e-06
2.360733022023855671e-06
2.469324270365192713e-06
2.469324270365192713e-06
2.582910602481916006e-06
2.256917193159761370e-06
2.360733022023855671e-06
2.469324270365192713e-06
2.469324270365192713e-06
2.582910602481916006e-06
2.701721786999990099e-06
2.825998161661703964e-06
2.955991119493962746e-06
3.091963617339808706e-06
3.234190707781861122e-06
3.382960095533677588e-06
3.538572719424537702e-06
3.701343361154912683e-06
3.871601282054055642e-06
4.049690889127770516e-06
4.430822730363295895e-06
4.634635938794986356e-06
4.847824341509796606e-06
5.304071563298120061e-06
5.548053304129002582e-06
5.803257949694196669e-06
6.349424669102264145e-06
6.641491558765202725e-06
7.266547637276809222e-06
7.950430125161575822e-06
8.698675399968183700e-06
9.098805364596211672e-06
9.955128609158501573e-06
1.089204369735236875e-05
1.246531119256544685e-05
1.363846912892822506e-05
1.492203742909097193e-05
1.632640723311811658e-05
1.786294763086179068e-05
2.044310574050650373e-05
2.236708432177791410e-05
2.447213585880166176e-05
2.677530181743607482e-05
2.929522750082923395e-05
3.205231299265783740e-05
3.506887830620951071e-05
3.836934407627448927e-05
4.198042925663985107e-05
4.593136742364820600e-05
5.025414343690855391e-05
5.256578144054019477e-05
5.751294743787693954e-05
6.292571007878092876e-05
6.582022688626042021e-05
6.884788843757022993e-05
7.201481925158132044e-05
7.201481925158132044e-05
6.884788843757022993e-05
6.015848282870846095e-05
3.668201000626807040e-05
9.777647473167088776e+01
9.777647473167088776e+01
9.777647473167088776e+01
9.777647473167088776e+01
9.777647473167088776e+01
9.777647473167088776e+01
9.777647473167088776e+01
9.777647473167088776e+01
9.777647473167088776e+01
9.777647473167088776e+01
9.777647473167088776e+01
9.777647473167088776e+01
9.777647473167088776e+01
9.777647473167088776e+01
9.777647473167088776e+01
9.777647473167088776e+01
9.777647473167088776e+01
