2.256917193159761370e-06
2.256917193159761370e-06
2.256917193159761370e-06
2.256917193159761370e-06
2.256917193159761370e-06
2.256917193159761370e-06
2.256917193159761370e-06
2.256917193159761370e-06
2.256917193159761370e-06
2.256917193159761370e-06
2.256917193159761370e-06
2.256917193159761370e-06
2.256917193159761370e-06
2.256917193159761370e-06
2.256917193159761370e-06
2.256917193159761370e-06
2.256917193159761370e-06
2.360733022023855671e-06
2.360733022023855671e-06
2.360733022023855671e-06
2.360733022023855671e-06
2.360733022023855671e-06
2.360733022023855671e-06
2.062781011757043122e-06
2.062781011757043122e-06
2.157666779453666598e-06
2.157666779453666598e-06
2.157666779453666598e-06
1.972067949965293809e-06
2.062781011757043122e-06
2.062781011757043122e-06
2.157666779453666598e-06
2.256917193159761370e-06
2.360733022023855671e-06
2.469324270365192713e-06
2.582910602481916006e-06
2.701721786999990099e-06
2.825998161661703964e-06
2.955991119493962746e-06
3.091963617339808706e-06
3.234190707781861122e-06
3.382960095533677588e-06
3.538572719424537702e-06
3.871601282054055642e-06
4.049690889127770516e-06
4.235972431743680763e-06
4.430822730363295895e-06
4.847824341509796606e-06
5.070819187632955583e-06
5.548053304129002582e-06
5.803257949694196669e-06
6.349424669102264145e-06
6.946993219684265199e-06
7.266547637276809222e-06
7.950430125161575822e-06
8.698675399968183700e-06
9.517340888833214035e-06
1.041305410644336886e-05
1.191713543468341943e-05
1.303870246160588322e-05
1.426582443524974563e-05
1.560843553387622717e-05
1.707740487911767213e-05
1.954409770054290525e-05
2.138346720943381160e-05
2.339594679186592847e-05
2.559782849650951825e-05
2.800693767881730207e-05
3.064277730636855884e-05
3.352668584533902130e-05
3.668201000626807040e-05
4.013429374758842013e-05
4.198042925663985107e-05
4.593136742364820600e-05
5.025414343690855391e-05
5.256578144054019477e-05
5.751294743787693954e-05
6.015848282870846095e-05
6.292571007878092876e-05
6.292571007878092876e-05
6.015848282870846095e-05
5.256578144054019477e-05
3.205231299265783740e-05
9.777647473167088776e+01
9.777647473167088776e+01
9.777647473167088776e+01
9.777647473167088776e+01
9.777647473167088776e+01
9.777647473167088776e+01
9.777647473167088776e+01
9.777647473167088776e+01
9.777647473167088776e+01
9.777647473167088776e+01
9.777647473167088776e+01
9.777647473167088776e+01
9.777647473167088776e+01
9.777647473167088776e+01
9.777647473167088776e+01
9.777647473167088776e+01
9.777647473167088776e+01
