1.089204369735236875e-05
1.089204369735236875e-05
1.089204369735236875e-05
1.089204369735236875e-05
1.089204369735236875e-05
1.089204369735236875e-05
1.089204369735236875e-05
1.089204369735236875e-05
1.089204369735236875e-05
1.089204369735236875e-05
1.089204369735236875e-05
1.089204369735236875e-05
1.089204369735236875e-05
1.089204369735236875e-05
1.089204369735236875e-05
1.089204369735236875e-05
1.089204369735236875e-05
1.139306630814716731e-05
1.139306630814716731e-05
1.139306630814716731e-05
1.139306630814716731e-05
1.139306630814716731e-05
1.139306630814716731e-05
9.955128609158501573e-06
9.955128609158501573e-06
1.041305410644336886e-05
1.041305410644336886e-05
1.041305410644336886e-05
9.517340888833214035e-06
9.955128609158501573e-06
9.955128609158501573e-06
1.041305410644336886e-05
1.089204369735236875e-05
1.139306630814716731e-05
1.191713543468341943e-05
1.246531119256544685e-05
1.303870246160588322e-05
1.363846912892822506e-05
1.426582443524974563e-05
1.492203742909097193e-05
1.560843553387622717e-05
1.632640723311811658e-05
1.707740487911767213e-05
1.786294763086179068e-05
1.954409770054290525e-05
2.044310574050650373e-05
2.138346720943381160e-05
2.339594679186592847e-05
2.447213585880166176e-05
2.677530181743607482e-05
2.800693767881730207e-05
3.064277730636855884e-05
3.352668584533902130e-05
3.506887830620951071e-05
3.836934407627448927e-05
4.198042925663985107e-05
4.593136742364820600e-05
5.025414343690855391e-05
5.751294743787693954e-05
6.292571007878092876e-05
6.884788843757022993e-05
7.532742556862293622e-05
8.241677662985537442e-05
9.432121250386008330e-05
1.031981412308588460e-04
1.129105115465775733e-04
1.235369500424453120e-04
1.351634831580232675e-04
1.478842336089101117e-04
1.618021823581313693e-04
1.770300022995598252e-04
1.936909704024593673e-04
2.026005523298627189e-04
2.216680623346686287e-04
2.425300883642454426e-04
2.536862186043476602e-04
2.775615953281197626e-04
2.903291382256448293e-04
3.036839747343319444e-04
3.036839747343319444e-04
2.903291382256448293e-04
2.536862186043476602e-04
1.546867535837551197e-04
9.777647473167088776e+01
9.777647473167088776e+01
9.777647473167088776e+01
9.777647473167088776e+01
9.777647473167088776e+01
9.777647473167088776e+01
9.777647473167088776e+01
9.777647473167088776e+01
9.777647473167088776e+01
9.777647473167088776e+01
9.777647473167088776e+01
9.777647473167088776e+01
9.777647473167088776e+01
9.777647473167088776e+01
9.777647473167088776e+01
9.777647473167088776e+01
9.777647473167088776e+01
