2.447213585880166176e-05
2.447213585880166176e-05
2.447213585880166176e-05
2.447213585880166176e-05
2.447213585880166176e-05
2.447213585880166176e-05
2.447213585880166176e-05
2.559782849650951825e-05
2.559782849650951825e-05
2.559782849650951825e-05
2.559782849650951825e-05
2.559782849650951825e-05
2.559782849650951825e-05
2.559782849650951825e-05
2.559782849650951825e-05
2.559782849650951825e-05
2.677530181743607482e-05
2.677530181743607482e-05
2.677530181743607482e-05
2.677530181743607482e-05
2.800693767881730207e-05
2.800693767881730207e-05
2.800693767881730207e-05
2.929522750082923395e-05
2.929522750082923395e-05
3.064277730636855884e-05
3.064277730636855884e-05
3.205231299265783740e-05
3.352668584533902130e-05
3.352668584533902130e-05
3.506887830620951071e-05
3.668201000626807040e-05
3.836934407627448927e-05
4.013429374758842013e-05
4.013429374758842013e-05
4.198042925663985107e-05
4.391148506699808378e-05
4.593136742364820600e-05
4.804416225475646772e-05
5.256578144054019477e-05
5.498375237304849118e-05
5.751294743787693954e-05
6.015848282870846095e-05
6.292571007878092876e-05
6.884788843757022993e-05
7.201481925158132044e-05
7.532742556862293622e-05
8.241677662985537442e-05
8.620786209992369867e-05
9.432121250386008330e-05
9.865988956531018578e-05
1.079451477234258557e-04
1.129105115465775733e-04
1.235369500424453120e-04
1.351634831580232675e-04
1.478842336089101117e-04
1.618021823581313693e-04
1.770300022995598252e-04
1.936909704024593673e-04
2.216680623346686287e-04
2.425300883642454426e-04
2.653555191598261820e-04
2.903291382256448293e-04
3.176531197456507758e-04
3.475486652866450425e-04
3.977492551202206606e-04
4.351829531738218761e-04
4.761396791952432223e-04
5.209509987713063870e-04
5.699796823896648200e-04
5.961981512560977480e-04
6.523086311298825031e-04
7.136998820779035966e-04
7.808688975887432323e-04
8.543594451020260477e-04
8.936590854299714635e-04
9.777647473167088397e-04
1.022740902394273736e-03
1.069785913534723526e-03
1.069785913534723526e-03
1.022740902394273736e-03
8.936590854299714635e-04
5.449141995032317186e-04
9.777647473167088776e+01
9.777647473167088776e+01
9.777647473167088776e+01
9.777647473167088776e+01
9.777647473167088776e+01
9.777647473167088776e+01
9.777647473167088776e+01
9.777647473167088776e+01
9.777647473167088776e+01
9.777647473167088776e+01
9.777647473167088776e+01
9.777647473167088776e+01
9.777647473167088776e+01
9.777647473167088776e+01
9.777647473167088776e+01
9.777647473167088776e+01
9.777647473167088776e+01
