1.000000000000000021e-08 9.843829037597304731e-04
3.727593720314937660e-08 1.229826225655732051e-07
1.389495494373135967e-07 1.485508017172775159e-07
5.179474679231212542e-07 2.035137468173686989e-07
1.930697728883249761e-06 6.552488237367146480e-08
7.196856730011513747e-06 1.309747264300589878e-07
2.682695795279727390e-05 1.118994945951748541e-07
1.000000000000000048e-04 1.533016661557691320e-07
3.727593720314937870e-04 6.552488237367146480e-08
1.389495494373136101e-03 6.349424669102263880e-08
5.179474679231202416e-03 6.978305848598663137e-08
1.930697728883249559e-02 7.914755439411160426e-08
7.196856730011513825e-02 8.976871324473142207e-08
2.682695795279722017e-01 1.118994945951748541e-07
1.000000000000000000e+00 1.684854879435838863e-07
