2.374429223744291662e+01 3.667481662591686131e+01
5.205479452054793654e+01 2.811735941320293364e+01
7.990867579908675111e+01 2.151589242053790940e+01
1.082191780821917746e+02 1.809290953545232128e+01
1.365296803652967981e+02 1.589242053789732267e+01
1.643835616438356055e+02 1.466992665036673316e+01
1.926940639269406290e+02 1.295843520782395331e+01
2.210045662100456525e+02 1.222493887530563939e+01
2.488584474885844315e+02 1.222493887530558254e+01
2.771689497716894834e+02 1.075794621026895470e+01
3.050228310502282625e+02 1.124694376528120188e+01
3.333333333333333144e+02 9.290953545232270017e+00
