2.400000000000000000e+01 1.012224938875305611e+02
5.200000000000000000e+01 1.061124694376528339e+02
8.000000000000000000e+01 7.775061124694377668e+01
1.080000000000000000e+02 5.916870415647923664e+01
1.360000000000000000e+02 4.449877750611247507e+01
1.640000000000000000e+02 3.716381418092910849e+01
1.920000000000000000e+02 3.569682151589245223e+01
2.200000000000000000e+02 2.836185819070908565e+01
2.480000000000000000e+02 2.249388753056234691e+01
2.760000000000000000e+02 1.955990220048900596e+01
3.040000000000000000e+02 1.662591687041566502e+01
3.320000000000000000e+02 1.662591687041566502e+01
