2.400000000000000000e+01 1.809290953545232412e+02
5.200000000000000000e+01 1.684596577017115067e+02
8.000000000000000000e+01 8.459657701711492450e+01
1.080000000000000000e+02 4.841075794621028194e+01
1.360000000000000000e+02 1.491442542787288517e+01
1.640000000000000000e+02 2.347188264058684126e+01
1.920000000000000000e+02 8.557457212713956096e+00
2.200000000000000000e+02 2.102689486552569065e+01
2.480000000000000000e+02 2.640586797066018221e+01
2.760000000000000000e+02 1.564792176039122751e+01
3.040000000000000000e+02 2.200488997555012816e+01
3.320000000000000000e+02 6.356968215158929070e+00
