1.036133611005161725e+02 1.013022999999999797e+22
1.111012108704029373e+02 1.197811999999987496e+22
1.191301867419900873e+02 1.030040000000046399e+22
1.277393943954047728e+02 1.058166999999978039e+22
1.369707655696417135e+02 1.105037999999971177e+22
1.468692622939869352e+02 1.018457000000006337e+22
1.574830958786789381e+02 1.058716999999990373e+22
1.688639617314163957e+02 1.047661999999998021e+22
1.810672911434033949e+02 9.959729999999792054e+21
1.941525212712715245e+02 9.665589999999949734e+21
2.081833846298465289e+02 9.626209999999660458e+21
2.232282195057521790e+02 9.530289999999427150e+21
2.393603028037435365e+02 9.523800000000100925e+21
2.566582069469199041e+02 9.815739999999529845e+21
2.752061825691244508e+02 8.377930000000113181e+21
2.950945688634608359e+02 9.111079999999700894e+21
3.164202335855571846e+02 8.686369999999537775e+21
3.392870448546429998e+02 8.746650000000134676e+21
3.638063770503799788e+02 8.508830000000232587e+21
3.900976532694511434e+02 8.567679999999698010e+21
4.182889269839806730e+02 7.897340000000427426e+21
4.485175057347918823e+02 7.328419999999666946e+21
4.809306198972445827e+02 7.527300000000030802e+21
5.156861397769209816e+02 7.445679999999217238e+21
5.529533445278262889e+02 7.164520000000253493e+21
5.929137466381695276e+02 8.191809999999633195e+21
6.357619759994425976e+02 6.905139999999973655e+21
6.817067278647161856e+02 6.537520000000134742e+21
7.309717793132466568e+02 6.234580000000446562e+21
7.837970791721579644e+02 7.076519999999482790e+21
8.404399167037353209e+02 5.913930000001403978e+21
9.011761747505015592e+02 5.838690000000292749e+21
9.663016734416098643e+02 5.911179999998571971e+21
1.036133611005161583e+03 5.311790000000399835e+21
1.111012108704029515e+03 5.767849999999334089e+21
1.191301867419900645e+03 5.454349999999766495e+21
1.277393943954047700e+03 4.763660000000682754e+21
1.369707655696417305e+03 4.670379999999379374e+21
1.468692622939869807e+03 4.246879999999492489e+21
1.574830958786789097e+03 4.277899999999985451e+21
1.688639617314164070e+03 3.865509999999762563e+21
1.810672911434033949e+03 3.836799999999150129e+21
1.941525212712715302e+03 3.972429999999582994e+21
2.081833846298465687e+03 3.255669999998759076e+21
2.232282195057522131e+03 3.381729999999588106e+21
2.393603028037436161e+03 3.042709999998954635e+21
2.566582069469199268e+03 2.990790000001896940e+21
2.752061825691244394e+03 2.737130000000310837e+21
2.950945688634608814e+03 2.428030000000931987e+21
3.164202335855572073e+03 2.816000000000125305e+21
3.392870448546429543e+03 2.434959999999697486e+21
3.638063770503799333e+03 2.195820000001048445e+21
3.900976532694511661e+03 1.941060000000568459e+21
4.182889269839807639e+03 2.157760000003259498e+21
4.485175057347919392e+03 1.706099999999315673e+21
4.809306198972444690e+03 1.763520000000251396e+21
5.156861397769210271e+03 1.325940000001201537e+21
5.529533445278262661e+03 1.641640000001326186e+21
5.929137466381695049e+03 1.395790000001760887e+21
6.357619759994428023e+03 1.044450000002080047e+21
6.817067278647164130e+03 1.333860000003296068e+21
7.309717793132467705e+03 1.062490000002859139e+21
7.837970791721581008e+03 1.041040000003135767e+21
8.404399167037354346e+03 9.274100000013974241e+20
9.011761747505015592e+03 9.639300000006036521e+20
9.663016734416100007e+03 7.971700000035262956e+20
1.036133611005161583e+04 7.530600000026902528e+20
1.111012108704029379e+04 7.491000000032994755e+20
1.191301867419900918e+04 6.321700000029136650e+20
1.277393943954047427e+04 5.748600000028360049e+20
1.369707655696416805e+04 3.786200000027555267e+20
1.468692622939869034e+04 4.269100000035314074e+20
1.574830958786789233e+04 3.879700000038198968e+20
1.688639617314164934e+04 3.137200000030545019e+20
1.810672911434034540e+04 3.434200000046849065e+20
1.941525212712716529e+04 1.966800000029504307e+20
2.081833846298466233e+04 2.009700000032237814e+20
2.232282195057522404e+04 1.224300000036999660e+20
2.393603028037436161e+04 1.060400000030272389e+20
2.566582069469199268e+04 1.204500000024583209e+20
2.752061825691244303e+04 1.741300000033354547e+20
2.950945688634608814e+04 1.091200000030877942e+20
3.164202335855571800e+04 6.897000000235215258e+19
3.392870448546429543e+04 1.087900000021915894e+20
3.638063770503798878e+04 4.609000000195683942e+19
3.900976532694510388e+04 6.776000000203318886e+19
4.182889269839805638e+04 8.690000002584412160e+18
4.485175057347919210e+04 2.332000000195952640e+19
4.809306198972447601e+04 1.947000000135770931e+19
5.156861397769213363e+04 2.937000000115022234e+19
5.529533445278266299e+04 1.265000000114026086e+19
5.929137466381698323e+04 4.730000001405550592e+18
6.357619759994429478e+04 2.200000000725876736e+18
6.817067278647163766e+04 2.860000001180827648e+18
7.309717793132468069e+04 1.870000000726466560e+18
7.837970791721582646e+04 1.430000000544800768e+18
8.404399167037353618e+04 1.320000000544997376e+18
9.011761747505016683e+04 8.250000000185008128e+18
9.663016734416098916e+04 6.600000002724986880e+17
