9.069000507356675720e+10 1.020408163265306172e+02 1.530612244897959148e-02
2.267250126839170837e+11 1.020408163265306172e+02 4.591836734693877098e-02
5.650684931506857910e+11 1.020408163265306172e+02 7.653061224489796088e-02
8.929477422628122559e+11 1.020408163265306172e+02 1.071428571428571369e-01
1.161529680365298828e+12 1.020408163265306172e+02 1.377551020408163129e-01
1.353373921867074951e+12 1.020408163265306172e+02 1.683673469387755028e-01
1.566146626078135742e+12 1.020408163265306172e+02 1.989795918367346927e-01
1.653348554033488525e+12 1.020408163265306172e+02 2.295918367346938549e-01
1.524289700659566406e+12 1.020408163265306172e+02 2.602040816326530726e-01
1.639396245560632080e+12 1.020408163265306172e+02 2.908163265306122347e-01
1.621955859969561523e+12 1.020408163265306172e+02 3.214285714285713969e-01
1.744038559107055420e+12 1.020408163265306172e+02 3.520408163265306145e-01
1.506849315068495850e+12 1.020408163265306172e+02 3.826530612244897767e-01
1.621955859969561523e+12 1.020408163265306172e+02 4.132653061224489388e-01
1.328957382039576172e+12 1.020408163265306172e+02 4.438775510204081565e-01
1.402207001522072510e+12 1.020408163265306172e+02 4.744897959183673741e-01
1.503361237950281738e+12 1.020408163265306172e+02 5.051020408163264808e-01
1.255707762557079834e+12 1.020408163265306172e+02 5.357142857142856984e-01
1.196410451547439941e+12 1.020408163265306172e+02 5.663265306122449161e-01
1.105720446473873047e+12 1.020408163265306172e+02 5.969387755102040227e-01
1.161529680365298828e+12 1.020408163265306172e+02 6.275510204081632404e-01
1.081303906646374268e+12 1.020408163265306172e+02 6.581632653061224580e-01
1.077815829528160156e+12 1.020408163265306172e+02 6.887755102040815647e-01
9.034119736174545898e+11 1.020408163265306172e+02 7.193877551020407823e-01
9.208523592085251465e+11 1.020408163265306172e+02 7.500000000000000000e-01
8.162100456621018066e+11 1.020408163265306172e+02 7.806122448979591066e-01
8.580669710806711426e+11 1.020408163265306172e+02 8.112244897959184353e-01
7.534246575342478027e+11 1.020408163265306172e+02 8.418367346938775420e-01
7.080796549974643555e+11 1.020408163265306172e+02 8.724489795918366486e-01
6.522704211060385742e+11 1.020408163265306172e+02 9.030612244897959773e-01
6.871511922881796875e+11 1.020408163265306172e+02 9.336734693877550839e-01
6.069254185692551270e+11 1.020408163265306172e+02 9.642857142857141906e-01
5.301877219685447388e+11 1.020408163265306172e+02 9.948979591836734082e-01
5.580923389142575684e+11 1.020408163265306172e+02 1.025510204081632626e+00
4.534500253678342896e+11 1.020408163265306172e+02 1.056122448979591955e+00
4.394977168949778442e+11 1.020408163265306172e+02 1.086734693877550839e+00
4.953069507864036255e+11 1.020408163265306172e+02 1.117346938775510168e+00
4.918188736681895142e+11 1.020408163265306172e+02 1.147959183673469497e+00
4.185692541856931763e+11 1.020408163265306172e+02 1.178571428571428381e+00
3.418315575849827271e+11 1.020408163265306172e+02 1.209183673469387710e+00
3.488077118214109497e+11 1.020408163265306172e+02 1.239795918367347038e+00
3.139269406392698364e+11 1.020408163265306172e+02 1.270408163265305923e+00
3.348554033485545044e+11 1.020408163265306172e+02 1.301020408163265252e+00
2.999746321664133911e+11 1.020408163265306172e+02 1.331632653061224580e+00
2.650938609842723083e+11 1.020408163265306172e+02 1.362244897959183465e+00
2.267250126839170837e+11 1.020408163265306172e+02 1.392857142857142794e+00
2.511415525114158630e+11 1.020408163265306172e+02 1.423469387755102122e+00
2.232369355657029724e+11 1.020408163265306172e+02 1.454081632653061007e+00
1.813800101471336365e+11 1.020408163265306172e+02 1.484693877551020336e+00
3.243911719939121704e+11 3.061224489795918657e+02 1.530612244897959148e-02
1.199898528665654053e+12 3.061224489795918657e+02 4.591836734693877098e-02
1.747526636225269531e+12 3.061224489795918657e+02 7.653061224489796088e-02
2.378868594622011230e+12 3.061224489795918657e+02 1.071428571428571369e-01
2.532343987823421387e+12 3.061224489795918657e+02 1.377551020408163129e-01
2.455606291222716309e+12 3.061224489795918657e+02 1.683673469387755028e-01
2.483510908168427246e+12 3.061224489795918657e+02 1.989795918367346927e-01
2.441653982749860840e+12 3.061224489795918657e+02 2.295918367346938549e-01
2.113774733637751221e+12 3.061224489795918657e+02 2.602040816326530726e-01
2.037037037037040771e+12 3.061224489795918657e+02 2.908163265306122347e-01
1.963787417554544434e+12 3.061224489795918657e+02 3.214285714285713969e-01
1.576610857432778076e+12 3.061224489795918657e+02 3.520408163265306145e-01
1.384766615931001953e+12 3.061224489795918657e+02 3.826530612244897767e-01
1.482432775240997070e+12 3.061224489795918657e+02 4.132653061224489388e-01
1.161529680365298828e+12 3.061224489795918657e+02 4.438775510204081565e-01
1.025494672754948486e+12 3.061224489795918657e+02 4.744897959183673741e-01
1.077815829528160156e+12 3.061224489795918657e+02 5.051020408163264808e-01
9.452688990360239258e+11 3.061224489795918657e+02 5.357142857142856984e-01
7.708650431253183594e+11 3.061224489795918657e+02 5.663265306122449161e-01
6.522704211060385742e+11 3.061224489795918657e+02 5.969387755102040227e-01
6.487823439878244629e+11 3.061224489795918657e+02 6.275510204081632404e-01
5.580923389142575684e+11 3.061224489795918657e+02 6.581632653061224580e-01
4.708904109589048462e+11 3.061224489795918657e+02 6.887755102040815647e-01
4.674023338406907349e+11 3.061224489795918657e+02 7.193877551020407823e-01
3.906646372399802856e+11 3.061224489795918657e+02 7.500000000000000000e-01
2.860223236935569458e+11 3.061224489795918657e+02 7.806122448979591066e-01
3.348554033485545044e+11 3.061224489795918657e+02 8.112244897959184353e-01
2.371892440385594177e+11 3.061224489795918657e+02 8.418367346938775420e-01
2.023084728564183044e+11 3.061224489795918657e+02 8.724489795918366486e-01
2.232369355657029724e+11 3.061224489795918657e+02 9.030612244897959773e-01
1.674277016742771912e+11 3.061224489795918657e+02 9.336734693877550839e-01
1.953323186199900818e+11 3.061224489795918657e+02 9.642857142857141906e-01
1.360350076103502045e+11 3.061224489795918657e+02 9.948979591836734082e-01
9.417808219178086853e+10 3.061224489795918657e+02 1.025510204081632626e+00
1.046423135464232025e+11 3.061224489795918657e+02 1.056122448979591955e+00
1.046423135464232025e+11 3.061224489795918657e+02 1.086734693877550839e+00
9.069000507356675720e+10 3.061224489795918657e+02 1.117346938775510168e+00
1.081303906646373138e+11 3.061224489795918657e+02 1.147959183673469497e+00
5.232115677321156311e+10 3.061224489795918657e+02 1.178571428571428381e+00
4.185692541856925201e+10 3.061224489795918657e+02 1.209183673469387710e+00
4.185692541856925201e+10 3.061224489795918657e+02 1.239795918367347038e+00
6.627346524606797791e+10 3.061224489795918657e+02 1.270408163265305923e+00
3.139269406392693710e+10 3.061224489795918657e+02 1.301020408163265252e+00
2.790461694571283340e+10 3.061224489795918657e+02 1.331632653061224580e+00
4.534500253678335571e+10 3.061224489795918657e+02 1.362244897959183465e+00
3.488077118214104462e+10 3.061224489795918657e+02 1.392857142857142794e+00
1.744038559107052231e+10 3.061224489795918657e+02 1.423469387755102122e+00
2.790461694571283340e+10 3.061224489795918657e+02 1.454081632653061007e+00
2.790461694571283340e+10 3.061224489795918657e+02 1.484693877551020336e+00
5.022831050228318481e+11 5.102040816326531285e+02 1.530612244897959148e-02
1.817288178589551758e+12 5.102040816326531285e+02 4.591836734693877098e-02
2.549784373414490723e+12 5.102040816326531285e+02 7.653061224489796088e-02
2.738140537798039551e+12 5.102040816326531285e+02 1.071428571428571369e-01
2.445142059868074707e+12 5.102040816326531285e+02 1.377551020408163129e-01
2.633498224251623535e+12 5.102040816326531285e+02 1.683673469387755028e-01
2.260273972602739746e+12 5.102040816326531285e+02 1.989795918367346927e-01
2.012620497209541992e+12 5.102040816326531285e+02 2.295918367346938549e-01
1.670788939624559082e+12 5.102040816326531285e+02 2.602040816326530726e-01
1.587075088787420410e+12 5.102040816326531285e+02 2.908163265306122347e-01
1.471968543886354736e+12 5.102040816326531285e+02 3.214285714285713969e-01
1.102232369355658936e+12 5.102040816326531285e+02 3.520408163265306145e-01
9.696854388635227051e+11 5.102040816326531285e+02 3.826530612244897767e-01
9.103881278538828125e+11 5.102040816326531285e+02 4.132653061224489388e-01
6.941273465246079102e+11 5.102040816326531285e+02 4.438775510204081565e-01
6.418061897513962402e+11 5.102040816326531285e+02 4.744897959183673741e-01
5.615804160324716797e+11 5.102040816326531285e+02 5.051020408163264808e-01
4.743784880771189575e+11 5.102040816326531285e+02 5.357142857142856984e-01
4.360096397767637329e+11 5.102040816326531285e+02 5.663265306122449161e-01
2.999746321664133911e+11 5.102040816326531285e+02 5.969387755102040227e-01
2.302130898021311951e+11 5.102040816326531285e+02 6.275510204081632404e-01
2.895104008117710571e+11 5.102040816326531285e+02 6.581632653061224580e-01
2.302130898021311951e+11 5.102040816326531285e+02 6.887755102040815647e-01
1.534753932014207458e+11 5.102040816326531285e+02 7.193877551020407823e-01
1.395230847285643005e+11 5.102040816326531285e+02 7.500000000000000000e-01
1.290588533739219818e+11 5.102040816326531285e+02 7.806122448979591066e-01
6.976154236428208923e+10 5.102040816326531285e+02 8.112244897959184353e-01
9.766615930999497986e+10 5.102040816326531285e+02 8.418367346938775420e-01
9.766615930999497986e+10 5.102040816326531285e+02 8.724489795918366486e-01
5.580923389142566681e+10 5.102040816326531285e+02 9.030612244897959773e-01
4.185692541856925201e+10 5.102040816326531285e+02 9.336734693877550839e-01
4.534500253678335571e+10 5.102040816326531285e+02 9.642857142857141906e-01
5.232115677321156311e+10 5.102040816326531285e+02 9.948979591836734082e-01
1.046423135464231300e+10 5.102040816326531285e+02 1.025510204081632626e+00
4.185692541856925201e+10 5.102040816326531285e+02 1.056122448979591955e+00
2.441653982749872971e+10 5.102040816326531285e+02 1.086734693877550839e+00
1.046423135464231300e+10 5.102040816326531285e+02 1.117346938775510168e+00
1.395230847285641670e+10 5.102040816326531285e+02 1.147959183673469497e+00
3.488077118214104176e+09 5.102040816326531285e+02 1.178571428571428381e+00
6.976154236428208351e+09 5.102040816326531285e+02 1.209183673469387710e+00
3.488077118214104176e+09 5.102040816326531285e+02 1.239795918367347038e+00
3.488077118214104176e+09 5.102040816326531285e+02 1.270408163265305923e+00
6.976154236428208351e+09 5.102040816326531285e+02 1.331632653061224580e+00
3.488077118214104176e+09 5.102040816326531285e+02 1.362244897959183465e+00
3.488077118214104176e+09 5.102040816326531285e+02 1.392857142857142794e+00
6.976154236428208351e+09 5.102040816326531285e+02 1.423469387755102122e+00
7.150558092338925781e+11 7.142857142857143344e+02 1.530612244897959148e-02
1.880073566717405762e+12 7.142857142857143344e+02 4.591836734693877098e-02
2.654426686960906738e+12 7.142857142857143344e+02 7.653061224489796088e-02
2.640474378488051270e+12 7.142857142857143344e+02 1.071428571428571369e-01
2.445142059868074707e+12 7.142857142857143344e+02 1.377551020408163129e-01
2.166095890410962891e+12 7.142857142857143344e+02 1.683673469387755028e-01
1.866121258244549316e+12 7.142857142857143344e+02 1.989795918367346927e-01
1.597539320142062744e+12 7.142857142857143344e+02 2.295918367346938549e-01
1.273148148148150391e+12 7.142857142857143344e+02 2.602040816326530726e-01
1.046423135464233154e+12 7.142857142857143344e+02 2.908163265306122347e-01
8.859715880263840332e+11 7.142857142857143344e+02 3.214285714285713969e-01
7.534246575342478027e+11 7.142857142857143344e+02 3.520408163265306145e-01
7.220319634703208008e+11 7.142857142857143344e+02 3.826530612244897767e-01
5.964611872146127930e+11 7.142857142857143344e+02 4.132653061224489388e-01
4.011288685946226196e+11 7.142857142857143344e+02 4.438775510204081565e-01
4.150811770674790649e+11 7.142857142857143344e+02 4.744897959183673741e-01
3.069507864028416138e+11 7.142857142857143344e+02 5.051020408163264808e-01
2.616057838660581970e+11 7.142857142857143344e+02 5.357142857142856984e-01
2.406773211567735291e+11 7.142857142857143344e+02 5.663265306122449161e-01
1.604515474378489685e+11 7.142857142857143344e+02 5.969387755102040227e-01
1.395230847285643005e+11 7.142857142857143344e+02 6.275510204081632404e-01
1.325469304921360931e+11 7.142857142857143344e+02 6.581632653061224580e-01
9.069000507356675720e+10 7.142857142857143344e+02 6.887755102040815647e-01
8.371385083713853455e+10 7.142857142857143344e+02 7.193877551020407823e-01
6.278538812785387421e+10 7.142857142857143344e+02 7.500000000000000000e-01
3.139269406392693710e+10 7.142857142857143344e+02 7.806122448979591066e-01
2.790461694571283340e+10 7.142857142857143344e+02 8.112244897959184353e-01
4.185692541856925201e+10 7.142857142857143344e+02 8.418367346938775420e-01
2.441653982749872971e+10 7.142857142857143344e+02 8.724489795918366486e-01
1.744038559107052231e+10 7.142857142857143344e+02 9.030612244897959773e-01
1.744038559107052231e+10 7.142857142857143344e+02 9.336734693877550839e-01
2.092846270928462601e+10 7.142857142857143344e+02 9.642857142857141906e-01
6.976154236428208351e+09 7.142857142857143344e+02 9.948979591836734082e-01
1.046423135464231300e+10 7.142857142857143344e+02 1.025510204081632626e+00
3.488077118214104176e+09 7.142857142857143344e+02 1.056122448979591955e+00
3.488077118214104176e+09 7.142857142857143344e+02 1.086734693877550839e+00
6.976154236428208351e+09 7.142857142857143344e+02 1.117346938775510168e+00
1.744038559107052231e+10 7.142857142857143344e+02 1.147959183673469497e+00
3.488077118214104176e+09 7.142857142857143344e+02 1.209183673469387710e+00
3.488077118214104176e+09 7.142857142857143344e+02 1.239795918367347038e+00
6.976154236428208351e+09 7.142857142857143344e+02 1.301020408163265252e+00
8.510908168442429199e+11 9.183673469387755404e+02 1.530612244897959148e-02
2.207952815829531738e+12 9.183673469387755404e+02 4.591836734693877098e-02
2.570712836123773926e+12 9.183673469387755404e+02 7.653061224489796088e-02
2.455606291222716309e+12 9.183673469387755404e+02 1.071428571428571369e-01
2.040525114155254883e+12 9.183673469387755404e+02 1.377551020408163129e-01
1.723110096397770752e+12 9.183673469387755404e+02 1.683673469387755028e-01
1.499873160832067627e+12 9.183673469387755404e+02 1.989795918367346927e-01
1.248731608320651611e+12 9.183673469387755404e+02 2.295918367346938549e-01
1.039446981227804932e+12 9.183673469387755404e+02 2.602040816326530726e-01
8.162100456621018066e+11 9.183673469387755404e+02 2.908163265306122347e-01
6.871511922881796875e+11 9.183673469387755404e+02 3.214285714285713969e-01
5.825088787417563477e+11 9.183673469387755404e+02 3.520408163265306145e-01
4.429857940131919556e+11 9.183673469387755404e+02 3.826530612244897767e-01
4.360096397767637329e+11 9.183673469387755404e+02 4.132653061224489388e-01
2.616057838660581970e+11 9.183673469387755404e+02 4.438775510204081565e-01
2.127727042110606384e+11 9.183673469387755404e+02 4.744897959183673741e-01
1.569634703196348572e+11 9.183673469387755404e+02 5.051020408163264808e-01
1.395230847285643005e+11 9.183673469387755404e+02 5.357142857142856984e-01
1.534753932014207458e+11 9.183673469387755404e+02 5.663265306122449161e-01
8.720192795535264587e+10 9.183673469387755404e+02 5.969387755102040227e-01
8.371385083713853455e+10 9.183673469387755404e+02 6.275510204081632404e-01
5.929731100963977051e+10 9.183673469387755404e+02 6.581632653061224580e-01
4.185692541856925201e+10 9.183673469387755404e+02 6.887755102040815647e-01
2.441653982749872971e+10 9.183673469387755404e+02 7.193877551020407823e-01
2.441653982749872971e+10 9.183673469387755404e+02 7.500000000000000000e-01
1.395230847285641670e+10 9.183673469387755404e+02 7.806122448979591066e-01
2.441653982749872971e+10 9.183673469387755404e+02 8.112244897959184353e-01
6.976154236428208351e+09 9.183673469387755404e+02 8.418367346938775420e-01
6.976154236428208351e+09 9.183673469387755404e+02 9.030612244897959773e-01
6.976154236428208351e+09 9.183673469387755404e+02 9.336734693877550839e-01
3.488077118214104176e+09 9.183673469387755404e+02 9.642857142857141906e-01
6.976154236428208351e+09 9.183673469387755404e+02 9.948979591836734082e-01
1.046423135464231300e+10 9.183673469387755404e+02 1.025510204081632626e+00
3.488077118214104176e+09 9.183673469387755404e+02 1.086734693877550839e+00
9.034119736174545898e+11 1.122448979591836860e+03 1.530612244897959148e-02
1.998668188736685547e+12 1.122448979591836860e+03 4.591836734693877098e-02
2.431189751395219238e+12 1.122448979591836860e+03 7.653061224489796088e-02
2.180048198883819336e+12 1.122448979591836860e+03 1.071428571428571369e-01
1.712645865043128418e+12 1.122448979591836860e+03 1.377551020408163129e-01
1.548706240487065186e+12 1.122448979591836860e+03 1.683673469387755028e-01
1.130136986301371826e+12 1.122448979591836860e+03 1.989795918367346927e-01
9.731735159817368164e+11 1.122448979591836860e+03 2.295918367346938549e-01
7.917935058346030273e+11 1.122448979591836860e+03 2.602040816326530726e-01
6.627346524606809082e+11 1.122448979591836860e+03 2.908163265306122347e-01
5.266996448503306274e+11 1.122448979591836860e+03 3.214285714285713969e-01
4.150811770674790649e+11 1.122448979591836860e+03 3.520408163265306145e-01
2.860223236935569458e+11 1.122448979591836860e+03 3.826530612244897767e-01
2.511415525114158630e+11 1.122448979591836860e+03 4.132653061224489388e-01
1.778919330289195251e+11 1.122448979591836860e+03 4.438775510204081565e-01
1.430111618467784119e+11 1.122448979591836860e+03 4.744897959183673741e-01
9.417808219178086853e+10 1.122448979591836860e+03 5.051020408163264808e-01
5.929731100963977051e+10 1.122448979591836860e+03 5.357142857142856984e-01
7.324961948249620056e+10 1.122448979591836860e+03 5.663265306122449161e-01
5.580923389142566681e+10 1.122448979591836860e+03 5.969387755102040227e-01
2.441653982749872971e+10 1.122448979591836860e+03 6.275510204081632404e-01
1.046423135464231300e+10 1.122448979591836860e+03 6.581632653061224580e-01
2.790461694571283340e+10 1.122448979591836860e+03 6.887755102040815647e-01
3.139269406392693710e+10 1.122448979591836860e+03 7.193877551020407823e-01
2.790461694571283340e+10 1.122448979591836860e+03 7.500000000000000000e-01
1.395230847285641670e+10 1.122448979591836860e+03 7.806122448979591066e-01
3.488077118214104176e+09 1.122448979591836860e+03 8.724489795918366486e-01
9.731735159817368164e+11 1.326530612244898066e+03 1.530612244897959148e-02
2.050989345509897217e+12 1.326530612244898066e+03 4.591836734693877098e-02
2.253297818366312012e+12 1.326530612244898066e+03 7.653061224489796088e-02
2.071917808219181885e+12 1.326530612244898066e+03 1.071428571428571369e-01
1.499873160832067627e+12 1.326530612244898066e+03 1.377551020408163129e-01
1.182458143074583496e+12 1.326530612244898066e+03 1.683673469387755028e-01
9.661973617453085938e+11 1.326530612244898066e+03 1.989795918367346927e-01
8.894596651445981445e+11 1.326530612244898066e+03 2.295918367346938549e-01
5.092592592592600708e+11 1.326530612244898066e+03 2.602040816326530726e-01
4.360096397767637329e+11 1.326530612244898066e+03 2.908163265306122347e-01
3.174150177574839478e+11 1.326530612244898066e+03 3.214285714285713969e-01
2.999746321664133911e+11 1.326530612244898066e+03 3.520408163265306145e-01
2.197488584474888611e+11 1.326530612244898066e+03 3.826530612244897767e-01
1.709157787924913025e+11 1.326530612244898066e+03 4.132653061224489388e-01
9.069000507356675720e+10 1.326530612244898066e+03 4.438775510204081565e-01
8.720192795535264587e+10 1.326530612244898066e+03 4.744897959183673741e-01
8.022577371892442322e+10 1.326530612244898066e+03 5.051020408163264808e-01
4.185692541856925201e+10 1.326530612244898066e+03 5.357142857142856984e-01
3.139269406392693710e+10 1.326530612244898066e+03 5.663265306122449161e-01
2.092846270928462601e+10 1.326530612244898066e+03 5.969387755102040227e-01
2.092846270928462601e+10 1.326530612244898066e+03 6.275510204081632404e-01
2.790461694571283340e+10 1.326530612244898066e+03 6.581632653061224580e-01
1.046423135464231300e+10 1.326530612244898066e+03 6.887755102040815647e-01
6.976154236428208351e+09 1.326530612244898066e+03 7.500000000000000000e-01
3.488077118214104176e+09 1.326530612244898066e+03 7.806122448979591066e-01
6.976154236428208351e+09 1.326530612244898066e+03 8.112244897959184353e-01
3.488077118214104176e+09 1.326530612244898066e+03 8.418367346938775420e-01
8.406265854896005859e+11 1.530612244897959272e+03 1.530612244897959148e-02
2.030060882800612549e+12 1.530612244897959272e+03 4.591836734693877098e-02
2.092846270928466553e+12 1.530612244897959272e+03 7.653061224489796088e-02
1.862633181126335205e+12 1.530612244897959272e+03 1.071428571428571369e-01
1.388254693049216064e+12 1.530612244897959272e+03 1.377551020408163129e-01
9.348046676813815918e+11 1.530612244897959272e+03 1.683673469387755028e-01
7.080796549974643555e+11 1.530612244897959272e+03 1.989795918367346927e-01
5.999492643328269043e+11 1.530612244897959272e+03 2.295918367346938549e-01
4.604261796042625122e+11 1.530612244897959272e+03 2.602040816326530726e-01
4.081050228310508423e+11 1.530612244897959272e+03 2.908163265306122347e-01
2.825342465753428345e+11 1.530612244897959272e+03 3.214285714285713969e-01
2.057965499746324158e+11 1.530612244897959272e+03 3.520408163265306145e-01
1.674277016742771912e+11 1.530612244897959272e+03 3.826530612244897767e-01
1.011542364282090912e+11 1.530612244897959272e+03 4.132653061224489388e-01
3.836884830035514832e+10 1.530612244897959272e+03 4.438775510204081565e-01
6.976154236428208923e+10 1.530612244897959272e+03 4.744897959183673741e-01
5.929731100963977051e+10 1.530612244897959272e+03 5.051020408163264808e-01
3.488077118214104462e+10 1.530612244897959272e+03 5.357142857142856984e-01
6.976154236428208351e+09 1.530612244897959272e+03 5.663265306122449161e-01
2.790461694571283340e+10 1.530612244897959272e+03 5.969387755102040227e-01
1.395230847285641670e+10 1.530612244897959272e+03 6.275510204081632404e-01
3.488077118214104176e+09 1.530612244897959272e+03 6.887755102040815647e-01
3.488077118214104176e+09 1.530612244897959272e+03 7.193877551020407823e-01
3.488077118214104176e+09 1.530612244897959272e+03 7.500000000000000000e-01
9.138762049720969238e+11 1.734693877551020478e+03 1.530612244897959148e-02
1.907978183663118652e+12 1.734693877551020478e+03 4.591836734693877098e-02
2.054477422628111328e+12 1.734693877551020478e+03 7.653061224489796088e-02
1.517313546423138184e+12 1.734693877551020478e+03 1.071428571428571369e-01
1.283612379502792725e+12 1.734693877551020478e+03 1.377551020408163129e-01
8.371385083713864746e+11 1.734693877551020478e+03 1.683673469387755028e-01
6.522704211060385742e+11 1.734693877551020478e+03 1.989795918367346927e-01
4.325215626585496216e+11 1.734693877551020478e+03 2.295918367346938549e-01
4.150811770674790649e+11 1.734693877551020478e+03 2.602040816326530726e-01
2.825342465753428345e+11 1.734693877551020478e+03 2.908163265306122347e-01
2.476534753932017517e+11 1.734693877551020478e+03 3.214285714285713969e-01
1.813800101471336365e+11 1.734693877551020478e+03 3.520408163265306145e-01
7.673769660071031189e+10 1.734693877551020478e+03 3.826530612244897767e-01
8.371385083713853455e+10 1.734693877551020478e+03 4.132653061224489388e-01
5.232115677321156311e+10 1.734693877551020478e+03 4.438775510204081565e-01
3.139269406392693710e+10 1.734693877551020478e+03 4.744897959183673741e-01
2.790461694571283340e+10 1.734693877551020478e+03 5.051020408163264808e-01
2.092846270928462601e+10 1.734693877551020478e+03 5.357142857142856984e-01
6.976154236428208351e+09 1.734693877551020478e+03 5.663265306122449161e-01
1.395230847285641670e+10 1.734693877551020478e+03 6.275510204081632404e-01
3.488077118214104176e+09 1.734693877551020478e+03 6.581632653061224580e-01
3.488077118214104176e+09 1.734693877551020478e+03 6.887755102040815647e-01
9.034119736174545898e+11 1.938775510204081684e+03 1.530612244897959148e-02
1.663812785388130859e+12 1.938775510204081684e+03 4.591836734693877098e-02
1.751014713343483643e+12 1.938775510204081684e+03 7.653061224489796088e-02
1.269660071029936279e+12 1.938775510204081684e+03 1.071428571428571369e-01
1.022006595636734375e+12 1.938775510204081684e+03 1.377551020408163129e-01
7.429604261796054688e+11 1.938775510204081684e+03 1.683673469387755028e-01
5.441400304414011841e+11 1.938775510204081684e+03 1.989795918367346927e-01
3.313673262303403931e+11 1.938775510204081684e+03 2.295918367346938549e-01
2.267250126839170837e+11 1.938775510204081684e+03 2.602040816326530726e-01
2.267250126839170837e+11 1.938775510204081684e+03 2.908163265306122347e-01
1.430111618467784119e+11 1.938775510204081684e+03 3.214285714285713969e-01
1.151065449010655365e+11 1.938775510204081684e+03 3.520408163265306145e-01
6.627346524606797791e+10 1.938775510204081684e+03 3.826530612244897767e-01
4.883307965499745941e+10 1.938775510204081684e+03 4.132653061224489388e-01
5.580923389142566681e+10 1.938775510204081684e+03 4.438775510204081565e-01
3.488077118214104462e+10 1.938775510204081684e+03 4.744897959183673741e-01
1.046423135464231300e+10 1.938775510204081684e+03 5.051020408163264808e-01
6.976154236428208351e+09 1.938775510204081684e+03 5.357142857142856984e-01
6.976154236428208351e+09 1.938775510204081684e+03 5.663265306122449161e-01
8.545788939624570312e+11 2.142857142857143117e+03 1.530612244897959148e-02
1.628932014205989746e+12 2.142857142857143117e+03 4.591836734693877098e-02
1.716133942161342529e+12 2.142857142857143117e+03 7.653061224489796088e-02
1.227803145611366943e+12 2.142857142857143117e+03 1.071428571428571369e-01
8.755073566717416992e+11 2.142857142857143117e+03 1.377551020408163129e-01
6.452942668696103516e+11 2.142857142857143117e+03 1.683673469387755028e-01
4.953069507864036255e+11 2.142857142857143117e+03 1.989795918367346927e-01
3.592719431760532837e+11 2.142857142857143117e+03 2.295918367346938549e-01
2.406773211567735291e+11 2.142857142857143117e+03 2.602040816326530726e-01
1.604515474378489685e+11 2.142857142857143117e+03 2.908163265306122347e-01
1.151065449010655365e+11 2.142857142857143117e+03 3.214285714285713969e-01
6.627346524606797791e+10 2.142857142857143117e+03 3.520408163265306145e-01
5.232115677321156311e+10 2.142857142857143117e+03 3.826530612244897767e-01
3.488077118214104462e+10 2.142857142857143117e+03 4.132653061224489388e-01
3.488077118214104462e+10 2.142857142857143117e+03 4.438775510204081565e-01
6.976154236428208351e+09 2.142857142857143117e+03 4.744897959183673741e-01
3.488077118214104176e+09 2.142857142857143117e+03 5.051020408163264808e-01
6.976154236428208351e+09 2.142857142857143117e+03 5.357142857142856984e-01
1.744038559107052231e+10 2.142857142857143117e+03 5.663265306122449161e-01
3.488077118214104176e+09 2.142857142857143117e+03 5.969387755102040227e-01
3.488077118214104176e+09 2.142857142857143117e+03 6.581632653061224580e-01
3.488077118214104176e+09 2.142857142857143117e+03 6.887755102040815647e-01
3.488077118214104176e+09 2.142857142857143117e+03 7.193877551020407823e-01
8.720192795535275879e+11 2.346938775510204323e+03 1.530612244897959148e-02
1.747526636225269531e+12 2.346938775510204323e+03 4.591836734693877098e-02
1.430111618467785400e+12 2.346938775510204323e+03 7.653061224489796088e-02
1.105720446473873047e+12 2.346938775510204323e+03 1.071428571428571369e-01
8.650431253170993652e+11 2.346938775510204323e+03 1.377551020408163129e-01
5.057711821410459595e+11 2.346938775510204323e+03 1.683673469387755028e-01
3.906646372399802856e+11 2.346938775510204323e+03 1.989795918367346927e-01
3.034627092846275024e+11 2.346938775510204323e+03 2.295918367346938549e-01
1.639396245560630798e+11 2.346938775510204323e+03 2.602040816326530726e-01
9.417808219178086853e+10 2.346938775510204323e+03 2.908163265306122347e-01
7.673769660071031189e+10 2.346938775510204323e+03 3.214285714285713969e-01
6.278538812785387421e+10 2.346938775510204323e+03 3.520408163265306145e-01
2.441653982749872971e+10 2.346938775510204323e+03 3.826530612244897767e-01
3.836884830035514832e+10 2.346938775510204323e+03 4.132653061224489388e-01
1.395230847285641670e+10 2.346938775510204323e+03 4.438775510204081565e-01
1.395230847285641670e+10 2.346938775510204323e+03 4.744897959183673741e-01
3.488077118214104176e+09 2.346938775510204323e+03 5.051020408163264808e-01
7.952815829528171387e+11 2.551020408163265529e+03 1.530612244897959148e-02
1.587075088787420410e+12 2.551020408163265529e+03 4.591836734693877098e-02
1.503361237950281738e+12 2.551020408163265529e+03 7.653061224489796088e-02
1.001078132927449707e+12 2.551020408163265529e+03 1.071428571428571369e-01
6.871511922881796875e+11 2.551020408163265529e+03 1.377551020408163129e-01
4.953069507864036255e+11 2.551020408163265529e+03 1.683673469387755028e-01
3.592719431760532837e+11 2.551020408163265529e+03 1.989795918367346927e-01
2.441653982749876404e+11 2.551020408163265529e+03 2.295918367346938549e-01
1.255707762557078705e+11 2.551020408163265529e+03 2.602040816326530726e-01
1.290588533739219818e+11 2.551020408163265529e+03 2.908163265306122347e-01
7.673769660071031189e+10 2.551020408163265529e+03 3.214285714285713969e-01
5.232115677321156311e+10 2.551020408163265529e+03 3.520408163265306145e-01
2.441653982749872971e+10 2.551020408163265529e+03 3.826530612244897767e-01
3.836884830035514832e+10 2.551020408163265529e+03 4.132653061224489388e-01
6.976154236428208351e+09 2.551020408163265529e+03 4.438775510204081565e-01
1.046423135464231300e+10 2.551020408163265529e+03 4.744897959183673741e-01
3.488077118214104176e+09 2.551020408163265529e+03 5.051020408163264808e-01
6.976154236428208351e+09 2.551020408163265529e+03 5.663265306122449161e-01
8.441146626078146973e+11 2.755102040816326735e+03 1.530612244897959148e-02
1.548706240487065186e+12 2.755102040816326735e+03 4.591836734693877098e-02
1.353373921867074951e+12 2.755102040816326735e+03 7.653061224489796088e-02
9.069000507356687012e+11 2.755102040816326735e+03 1.071428571428571369e-01
6.278538812785397949e+11 2.755102040816326735e+03 1.377551020408163129e-01
4.115930999492649536e+11 2.755102040816326735e+03 1.683673469387755028e-01
3.139269406392698364e+11 2.755102040816326735e+03 1.989795918367346927e-01
1.604515474378489685e+11 2.755102040816326735e+03 2.295918367346938549e-01
7.673769660071031189e+10 2.755102040816326735e+03 2.602040816326530726e-01
9.069000507356675720e+10 2.755102040816326735e+03 2.908163265306122347e-01
3.836884830035514832e+10 2.755102040816326735e+03 3.214285714285713969e-01
3.488077118214104462e+10 2.755102040816326735e+03 3.520408163265306145e-01
1.395230847285641670e+10 2.755102040816326735e+03 3.826530612244897767e-01
3.488077118214104176e+09 2.755102040816326735e+03 4.132653061224489388e-01
1.395230847285641670e+10 2.755102040816326735e+03 4.438775510204081565e-01
3.488077118214104176e+09 2.755102040816326735e+03 4.744897959183673741e-01
8.894596651445981445e+11 2.959183673469387941e+03 1.530612244897959148e-02
1.454528158295284180e+12 2.959183673469387941e+03 4.591836734693877098e-02
1.182458143074583496e+12 2.959183673469387941e+03 7.653061224489796088e-02
7.429604261796054688e+11 2.959183673469387941e+03 1.071428571428571369e-01
4.953069507864036255e+11 2.959183673469387941e+03 1.377551020408163129e-01
3.488077118214109497e+11 2.959183673469387941e+03 1.683673469387755028e-01
2.337011669203453064e+11 2.959183673469387941e+03 1.989795918367346927e-01
1.151065449010655365e+11 2.959183673469387941e+03 2.295918367346938549e-01
6.278538812785387421e+10 2.959183673469387941e+03 2.602040816326530726e-01
4.534500253678335571e+10 2.959183673469387941e+03 2.908163265306122347e-01
3.139269406392693710e+10 2.959183673469387941e+03 3.214285714285713969e-01
3.139269406392693710e+10 2.959183673469387941e+03 3.520408163265306145e-01
6.976154236428208351e+09 2.959183673469387941e+03 3.826530612244897767e-01
3.488077118214104176e+09 2.959183673469387941e+03 4.132653061224489388e-01
1.046423135464231300e+10 2.959183673469387941e+03 4.438775510204081565e-01
7.220319634703208008e+11 3.163265306122449147e+03 1.530612244897959148e-02
1.416159309994928955e+12 3.163265306122449147e+03 4.591836734693877098e-02
1.308028919330291504e+12 3.163265306122449147e+03 7.653061224489796088e-02
7.429604261796054688e+11 3.163265306122449147e+03 1.071428571428571369e-01
5.511161846778293457e+11 3.163265306122449147e+03 1.377551020408163129e-01
2.929984779299851685e+11 3.163265306122449147e+03 1.683673469387755028e-01
1.778919330289195251e+11 3.163265306122449147e+03 1.989795918367346927e-01
1.151065449010655365e+11 3.163265306122449147e+03 2.295918367346938549e-01
7.673769660071031189e+10 3.163265306122449147e+03 2.602040816326530726e-01
6.627346524606797791e+10 3.163265306122449147e+03 2.908163265306122347e-01
4.185692541856925201e+10 3.163265306122449147e+03 3.214285714285713969e-01
6.976154236428208351e+09 3.163265306122449147e+03 3.520408163265306145e-01
2.092846270928462601e+10 3.163265306122449147e+03 3.826530612244897767e-01
1.744038559107052231e+10 3.163265306122449147e+03 4.132653061224489388e-01
6.976154236428208351e+09 3.163265306122449147e+03 4.438775510204081565e-01
3.488077118214104176e+09 3.163265306122449147e+03 5.051020408163264808e-01
6.976154236428208351e+09 3.163265306122449147e+03 5.357142857142856984e-01
6.836631151699655762e+11 3.367346938775510353e+03 1.530612244897959148e-02
1.363838153221717285e+12 3.367346938775510353e+03 4.591836734693877098e-02
9.696854388635227051e+11 3.367346938775510353e+03 7.653061224489796088e-02
6.766869609335373535e+11 3.367346938775510353e+03 1.071428571428571369e-01
4.778665651953330688e+11 3.367346938775510353e+03 1.377551020408163129e-01
2.581177067478440857e+11 3.367346938775510353e+03 1.683673469387755028e-01
1.674277016742771912e+11 3.367346938775510353e+03 1.989795918367346927e-01
1.081303906646373138e+11 3.367346938775510353e+03 2.295918367346938549e-01
4.883307965499745941e+10 3.367346938775510353e+03 2.602040816326530726e-01
2.441653982749872971e+10 3.367346938775510353e+03 2.908163265306122347e-01
2.092846270928462601e+10 3.367346938775510353e+03 3.214285714285713969e-01
3.139269406392693710e+10 3.367346938775510353e+03 3.520408163265306145e-01
1.744038559107052231e+10 3.367346938775510353e+03 3.826530612244897767e-01
8.022577371892453613e+11 3.571428571428571558e+03 1.530612244897959148e-02
1.220826991374938721e+12 3.571428571428571558e+03 4.591836734693877098e-02
9.975900558092355957e+11 3.571428571428571558e+03 7.653061224489796088e-02
6.139015728056833496e+11 3.571428571428571558e+03 1.071428571428571369e-01
4.290334855403355103e+11 3.571428571428571558e+03 1.377551020408163129e-01
2.127727042110606384e+11 3.571428571428571558e+03 1.683673469387755028e-01
1.395230847285643005e+11 3.571428571428571558e+03 1.989795918367346927e-01
8.371385083713853455e+10 3.571428571428571558e+03 2.295918367346938549e-01
3.836884830035514832e+10 3.571428571428571558e+03 2.602040816326530726e-01
2.092846270928462601e+10 3.571428571428571558e+03 2.908163265306122347e-01
1.395230847285641670e+10 3.571428571428571558e+03 3.214285714285713969e-01
3.488077118214104176e+09 3.571428571428571558e+03 3.520408163265306145e-01
3.488077118214104176e+09 3.571428571428571558e+03 3.826530612244897767e-01
3.488077118214104176e+09 3.571428571428571558e+03 4.132653061224489388e-01
6.592465753424667969e+11 3.775510204081632764e+03 1.530612244897959148e-02
1.140601217656014160e+12 3.775510204081632764e+03 4.591836734693877098e-02
9.069000507356687012e+11 3.775510204081632764e+03 7.653061224489796088e-02
4.813546423135471802e+11 3.775510204081632764e+03 1.071428571428571369e-01
2.895104008117710571e+11 3.775510204081632764e+03 1.377551020408163129e-01
1.883561643835618591e+11 3.775510204081632764e+03 1.683673469387755028e-01
1.255707762557078705e+11 3.775510204081632764e+03 1.989795918367346927e-01
7.673769660071031189e+10 3.775510204081632764e+03 2.295918367346938549e-01
1.744038559107052231e+10 3.775510204081632764e+03 2.602040816326530726e-01
2.092846270928462601e+10 3.775510204081632764e+03 2.908163265306122347e-01
6.976154236428208351e+09 3.775510204081632764e+03 3.214285714285713969e-01
6.976154236428208351e+09 3.775510204081632764e+03 3.520408163265306145e-01
6.976154236428208351e+09 3.775510204081632764e+03 3.826530612244897767e-01
3.488077118214104176e+09 3.775510204081632764e+03 4.438775510204081565e-01
7.499365804160336914e+11 3.979591836734693970e+03 1.530612244897959148e-02
1.095256215119230713e+12 3.979591836734693970e+03 4.591836734693877098e-02
8.476027397260288086e+11 3.979591836734693970e+03 7.653061224489796088e-02
4.255454084221213989e+11 3.979591836734693970e+03 1.071428571428571369e-01
3.069507864028416138e+11 3.979591836734693970e+03 1.377551020408163129e-01
1.569634703196348572e+11 3.979591836734693970e+03 1.683673469387755028e-01
7.673769660071031189e+10 3.979591836734693970e+03 1.989795918367346927e-01
5.929731100963977051e+10 3.979591836734693970e+03 2.295918367346938549e-01
2.441653982749872971e+10 3.979591836734693970e+03 2.602040816326530726e-01
2.092846270928462601e+10 3.979591836734693970e+03 2.908163265306122347e-01
3.488077118214104176e+09 3.979591836734693970e+03 3.214285714285713969e-01
6.976154236428208351e+09 3.979591836734693970e+03 3.520408163265306145e-01
3.488077118214104176e+09 3.979591836734693970e+03 3.826530612244897767e-01
3.488077118214104176e+09 3.979591836734693970e+03 4.132653061224489388e-01
7.045915778792502441e+11 4.183673469387755176e+03 1.530612244897959148e-02
9.836377473363791504e+11 4.183673469387755176e+03 4.591836734693877098e-02
7.150558092338925781e+11 4.183673469387755176e+03 7.653061224489796088e-02
4.360096397767637329e+11 4.183673469387755176e+03 1.071428571428571369e-01
2.337011669203453064e+11 4.183673469387755176e+03 1.377551020408163129e-01
1.674277016742771912e+11 4.183673469387755176e+03 1.683673469387755028e-01
1.185946220192796478e+11 4.183673469387755176e+03 1.989795918367346927e-01
3.488077118214104462e+10 4.183673469387755176e+03 2.295918367346938549e-01
3.836884830035514832e+10 4.183673469387755176e+03 2.602040816326530726e-01
3.488077118214104176e+09 4.183673469387755176e+03 2.908163265306122347e-01
1.744038559107052231e+10 4.183673469387755176e+03 3.214285714285713969e-01
3.488077118214104176e+09 4.183673469387755176e+03 4.438775510204081565e-01
7.220319634703208008e+11 4.387755102040817292e+03 1.530612244897959148e-02
1.095256215119230713e+12 4.387755102040817292e+03 4.591836734693877098e-02
7.185438863521066895e+11 4.387755102040817292e+03 7.653061224489796088e-02
4.046169457128367310e+11 4.387755102040817292e+03 1.071428571428571369e-01
1.569634703196348572e+11 4.387755102040817292e+03 1.377551020408163129e-01
1.116184677828514252e+11 4.387755102040817292e+03 1.683673469387755028e-01
6.976154236428208923e+10 4.387755102040817292e+03 1.989795918367346927e-01
2.790461694571283340e+10 4.387755102040817292e+03 2.295918367346938549e-01
6.976154236428208351e+09 4.387755102040817292e+03 2.602040816326530726e-01
1.395230847285641670e+10 4.387755102040817292e+03 2.908163265306122347e-01
3.488077118214104176e+09 4.387755102040817292e+03 3.214285714285713969e-01
6.976154236428208351e+09 4.387755102040817292e+03 3.826530612244897767e-01
6.418061897513962402e+11 4.591836734693877588e+03 1.530612244897959148e-02
9.871258244545932617e+11 4.591836734693877588e+03 4.591836734693877098e-02
6.976154236428220215e+11 4.591836734693877588e+03 7.653061224489796088e-02
3.802004058853379517e+11 4.591836734693877588e+03 1.071428571428571369e-01
2.023084728564183044e+11 4.591836734693877588e+03 1.377551020408163129e-01
1.220826991374937592e+11 4.591836734693877588e+03 1.683673469387755028e-01
6.278538812785387421e+10 4.591836734693877588e+03 1.989795918367346927e-01
2.092846270928462601e+10 4.591836734693877588e+03 2.295918367346938549e-01
1.744038559107052231e+10 4.591836734693877588e+03 2.602040816326530726e-01
6.976154236428208351e+09 4.591836734693877588e+03 2.908163265306122347e-01
6.139015728056833496e+11 4.795918367346939704e+03 1.530612244897959148e-02
9.034119736174545898e+11 4.795918367346939704e+03 4.591836734693877098e-02
5.720446473871140137e+11 4.795918367346939704e+03 7.653061224489796088e-02
3.034627092846275024e+11 4.795918367346939704e+03 1.071428571428571369e-01
1.604515474378489685e+11 4.795918367346939704e+03 1.377551020408163129e-01
9.069000507356675720e+10 4.795918367346939704e+03 1.683673469387755028e-01
4.534500253678335571e+10 4.795918367346939704e+03 1.989795918367346927e-01
2.790461694571283340e+10 4.795918367346939704e+03 2.295918367346938549e-01
1.046423135464231300e+10 4.795918367346939704e+03 2.602040816326530726e-01
3.488077118214104176e+09 4.795918367346939704e+03 2.908163265306122347e-01
3.488077118214104176e+09 4.795918367346939704e+03 3.214285714285713969e-01
6.976154236428208351e+09 4.795918367346939704e+03 3.520408163265306145e-01
3.488077118214104176e+09 4.795918367346939704e+03 4.132653061224489388e-01
6.173896499238974609e+11 5.000000000000000000e+03 1.530612244897959148e-02
9.487569761542380371e+11 5.000000000000000000e+03 4.591836734693877098e-02
5.685565702688999023e+11 5.000000000000000000e+03 7.653061224489796088e-02
3.209030948756980591e+11 5.000000000000000000e+03 1.071428571428571369e-01
1.813800101471336365e+11 5.000000000000000000e+03 1.377551020408163129e-01
8.720192795535264587e+10 5.000000000000000000e+03 1.683673469387755028e-01
4.185692541856925201e+10 5.000000000000000000e+03 1.989795918367346927e-01
1.744038559107052231e+10 5.000000000000000000e+03 2.295918367346938549e-01
3.488077118214104176e+09 5.000000000000000000e+03 2.602040816326530726e-01
3.488077118214104176e+09 5.000000000000000000e+03 2.908163265306122347e-01
3.488077118214104176e+09 5.000000000000000000e+03 3.214285714285713969e-01
6.976154236428208351e+09 5.000000000000000000e+03 3.520408163265306145e-01
5.266996448503306274e+11 5.204081632653062115e+03 1.530612244897959148e-02
8.266742770167441406e+11 5.204081632653062115e+03 4.591836734693877098e-02
5.615804160324716797e+11 5.204081632653062115e+03 7.653061224489796088e-02
2.650938609842723083e+11 5.204081632653062115e+03 1.071428571428571369e-01
1.116184677828514252e+11 5.204081632653062115e+03 1.377551020408163129e-01
8.022577371892442322e+10 5.204081632653062115e+03 1.683673469387755028e-01
3.139269406392693710e+10 5.204081632653062115e+03 1.989795918367346927e-01
1.395230847285641670e+10 5.204081632653062115e+03 2.295918367346938549e-01
3.488077118214104176e+09 5.204081632653062115e+03 2.602040816326530726e-01
3.488077118214104176e+09 5.204081632653062115e+03 3.214285714285713969e-01
4.883307965499754028e+11 5.408163265306122412e+03 1.530612244897959148e-02
8.476027397260288086e+11 5.408163265306122412e+03 4.591836734693877098e-02
4.429857940131919556e+11 5.408163265306122412e+03 7.653061224489796088e-02
2.023084728564183044e+11 5.408163265306122412e+03 1.071428571428571369e-01
7.673769660071031189e+10 5.408163265306122412e+03 1.377551020408163129e-01
6.278538812785387421e+10 5.408163265306122412e+03 1.683673469387755028e-01
4.534500253678335571e+10 5.408163265306122412e+03 1.989795918367346927e-01
1.046423135464231300e+10 5.408163265306122412e+03 2.295918367346938549e-01
5.615804160324716797e+11 5.612244897959184527e+03 1.530612244897959148e-02
7.917935058346030273e+11 5.612244897959184527e+03 4.591836734693877098e-02
3.976407914764085083e+11 5.612244897959184527e+03 7.653061224489796088e-02
2.162607813292747498e+11 5.612244897959184527e+03 1.071428571428571369e-01
1.046423135464232025e+11 5.612244897959184527e+03 1.377551020408163129e-01
4.883307965499745941e+10 5.612244897959184527e+03 1.683673469387755028e-01
3.139269406392693710e+10 5.612244897959184527e+03 1.989795918367346927e-01
1.046423135464231300e+10 5.612244897959184527e+03 2.295918367346938549e-01
1.046423135464231300e+10 5.612244897959184527e+03 2.602040816326530726e-01
3.488077118214104176e+09 5.612244897959184527e+03 2.908163265306122347e-01
3.488077118214104176e+09 5.612244897959184527e+03 3.214285714285713969e-01
5.232115677321165161e+11 5.816326530612244824e+03 1.530612244897959148e-02
7.080796549974643555e+11 5.816326530612244824e+03 4.591836734693877098e-02
4.290334855403355103e+11 5.816326530612244824e+03 7.653061224489796088e-02
2.127727042110606384e+11 5.816326530612244824e+03 1.071428571428571369e-01
1.011542364282090912e+11 5.816326530612244824e+03 1.377551020408163129e-01
3.836884830035514832e+10 5.816326530612244824e+03 1.683673469387755028e-01
2.441653982749872971e+10 5.816326530612244824e+03 1.989795918367346927e-01
1.395230847285641670e+10 5.816326530612244824e+03 2.295918367346938549e-01
6.976154236428208351e+09 5.816326530612244824e+03 2.602040816326530726e-01
6.976154236428208351e+09 5.816326530612244824e+03 2.908163265306122347e-01
3.488077118214104176e+09 5.816326530612244824e+03 3.520408163265306145e-01
4.534500253678342896e+11 6.020408163265306939e+03 1.530612244897959148e-02
7.743531202435324707e+11 6.020408163265306939e+03 4.591836734693877098e-02
3.767123287671238403e+11 6.020408163265306939e+03 7.653061224489796088e-02
1.674277016742771912e+11 6.020408163265306939e+03 1.071428571428571369e-01
8.022577371892442322e+10 6.020408163265306939e+03 1.377551020408163129e-01
2.790461694571283340e+10 6.020408163265306939e+03 1.683673469387755028e-01
3.139269406392693710e+10 6.020408163265306939e+03 1.989795918367346927e-01
6.976154236428208351e+09 6.020408163265306939e+03 2.295918367346938549e-01
6.976154236428208351e+09 6.020408163265306939e+03 2.602040816326530726e-01
4.778665651953330688e+11 6.224489795918367236e+03 1.530612244897959148e-02
7.499365804160336914e+11 6.224489795918367236e+03 4.591836734693877098e-02
3.732242516489097290e+11 6.224489795918367236e+03 7.653061224489796088e-02
2.057965499746324158e+11 6.224489795918367236e+03 1.071428571428571369e-01
8.720192795535264587e+10 6.224489795918367236e+03 1.377551020408163129e-01
6.976154236428208351e+09 6.224489795918367236e+03 1.683673469387755028e-01
1.395230847285641670e+10 6.224489795918367236e+03 1.989795918367346927e-01
3.488077118214104176e+09 6.224489795918367236e+03 2.602040816326530726e-01
3.488077118214104176e+09 6.224489795918367236e+03 3.520408163265306145e-01
4.360096397767637329e+11 6.428571428571429351e+03 1.530612244897959148e-02
6.139015728056833496e+11 6.428571428571429351e+03 4.591836734693877098e-02
3.418315575849827271e+11 6.428571428571429351e+03 7.653061224489796088e-02
1.639396245560630798e+11 6.428571428571429351e+03 1.071428571428571369e-01
8.371385083713853455e+10 6.428571428571429351e+03 1.377551020408163129e-01
3.836884830035514832e+10 6.428571428571429351e+03 1.683673469387755028e-01
6.976154236428208351e+09 6.428571428571429351e+03 1.989795918367346927e-01
3.488077118214104176e+09 6.428571428571429351e+03 3.214285714285713969e-01
4.743784880771189575e+11 6.632653061224489647e+03 1.530612244897959148e-02
6.627346524606809082e+11 6.632653061224489647e+03 4.591836734693877098e-02
3.139269406392698364e+11 6.632653061224489647e+03 7.653061224489796088e-02
1.778919330289195251e+11 6.632653061224489647e+03 1.071428571428571369e-01
5.929731100963977051e+10 6.632653061224489647e+03 1.377551020408163129e-01
3.836884830035514832e+10 6.632653061224489647e+03 1.683673469387755028e-01
1.395230847285641670e+10 6.632653061224489647e+03 1.989795918367346927e-01
6.976154236428208351e+09 6.632653061224489647e+03 2.295918367346938549e-01
3.488077118214104176e+09 6.632653061224489647e+03 2.908163265306122347e-01
4.848427194317612915e+11 6.836734693877551763e+03 1.530612244897959148e-02
5.894850329781845703e+11 6.836734693877551763e+03 4.591836734693877098e-02
3.174150177574839478e+11 6.836734693877551763e+03 7.653061224489796088e-02
1.360350076103502045e+11 6.836734693877551763e+03 1.071428571428571369e-01
5.929731100963977051e+10 6.836734693877551763e+03 1.377551020408163129e-01
2.790461694571283340e+10 6.836734693877551763e+03 1.683673469387755028e-01
3.488077118214104176e+09 6.836734693877551763e+03 1.989795918367346927e-01
3.488077118214104176e+09 6.836734693877551763e+03 2.295918367346938549e-01
4.290334855403355103e+11 7.040816326530612059e+03 1.530612244897959148e-02
5.546042617960434570e+11 7.040816326530612059e+03 4.591836734693877098e-02
3.139269406392698364e+11 7.040816326530612059e+03 7.653061224489796088e-02
1.185946220192796478e+11 7.040816326530612059e+03 1.071428571428571369e-01
2.790461694571283340e+10 7.040816326530612059e+03 1.377551020408163129e-01
6.976154236428208351e+09 7.040816326530612059e+03 1.683673469387755028e-01
1.395230847285641670e+10 7.040816326530612059e+03 1.989795918367346927e-01
4.255454084221213989e+11 7.244897959183674175e+03 1.530612244897959148e-02
5.999492643328269043e+11 7.244897959183674175e+03 4.591836734693877098e-02
2.511415525114158630e+11 7.244897959183674175e+03 7.653061224489796088e-02
1.081303906646373138e+11 7.244897959183674175e+03 1.071428571428571369e-01
5.580923389142566681e+10 7.244897959183674175e+03 1.377551020408163129e-01
1.395230847285641670e+10 7.244897959183674175e+03 1.683673469387755028e-01
6.976154236428208351e+09 7.244897959183674175e+03 1.989795918367346927e-01
4.569381024860484009e+11 7.448979591836734471e+03 1.530612244897959148e-02
5.825088787417563477e+11 7.448979591836734471e+03 4.591836734693877098e-02
2.162607813292747498e+11 7.448979591836734471e+03 7.653061224489796088e-02
7.673769660071031189e+10 7.448979591836734471e+03 1.071428571428571369e-01
2.441653982749872971e+10 7.448979591836734471e+03 1.377551020408163129e-01
1.395230847285641670e+10 7.448979591836734471e+03 1.683673469387755028e-01
3.488077118214104176e+09 7.448979591836734471e+03 1.989795918367346927e-01
3.209030948756980591e+11 7.653061224489796587e+03 1.530612244897959148e-02
4.185692541856931763e+11 7.653061224489796587e+03 4.591836734693877098e-02
2.092846270928465271e+11 7.653061224489796587e+03 7.653061224489796088e-02
8.022577371892442322e+10 7.653061224489796587e+03 1.071428571428571369e-01
4.534500253678335571e+10 7.653061224489796587e+03 1.377551020408163129e-01
1.395230847285641670e+10 7.653061224489796587e+03 1.683673469387755028e-01
3.488077118214104176e+09 7.653061224489796587e+03 1.989795918367346927e-01
3.488077118214104176e+09 7.653061224489796587e+03 2.295918367346938549e-01
4.150811770674790649e+11 7.857142857142856883e+03 1.530612244897959148e-02
4.848427194317612915e+11 7.857142857142856883e+03 4.591836734693877098e-02
1.709157787924913025e+11 7.857142857142856883e+03 7.653061224489796088e-02
1.046423135464232025e+11 7.857142857142856883e+03 1.071428571428571369e-01
2.092846270928462601e+10 7.857142857142856883e+03 1.377551020408163129e-01
6.976154236428208351e+09 7.857142857142856883e+03 1.989795918367346927e-01
3.871765601217661743e+11 8.061224489795918998e+03 1.530612244897959148e-02
4.639142567224766235e+11 8.061224489795918998e+03 4.591836734693877098e-02
1.988203957382041931e+11 8.061224489795918998e+03 7.653061224489796088e-02
6.278538812785387421e+10 8.061224489795918998e+03 1.071428571428571369e-01
3.139269406392693710e+10 8.061224489795918998e+03 1.377551020408163129e-01
3.488077118214104176e+09 8.061224489795918998e+03 1.683673469387755028e-01
3.488077118214104176e+09 8.061224489795918998e+03 1.989795918367346927e-01
3.732242516489097290e+11 8.265306122448979295e+03 1.530612244897959148e-02
4.534500253678342896e+11 8.265306122448979295e+03 4.591836734693877098e-02
1.813800101471336365e+11 8.265306122448979295e+03 7.653061224489796088e-02
5.580923389142566681e+10 8.265306122448979295e+03 1.071428571428571369e-01
1.395230847285641670e+10 8.265306122448979295e+03 1.377551020408163129e-01
3.488077118214104176e+09 8.265306122448979295e+03 1.989795918367346927e-01
3.488077118214104176e+09 8.265306122448979295e+03 3.826530612244897767e-01
3.522957889396250610e+11 8.469387755102041410e+03 1.530612244897959148e-02
3.592719431760532837e+11 8.469387755102041410e+03 4.591836734693877098e-02
1.709157787924913025e+11 8.469387755102041410e+03 7.653061224489796088e-02
3.488077118214104462e+10 8.469387755102041410e+03 1.071428571428571369e-01
1.744038559107052231e+10 8.469387755102041410e+03 1.377551020408163129e-01
6.976154236428208351e+09 8.469387755102041410e+03 1.683673469387755028e-01
3.488077118214104176e+09 8.469387755102041410e+03 1.989795918367346927e-01
3.592719431760532837e+11 8.673469387755103526e+03 1.530612244897959148e-02
3.453196347031968384e+11 8.673469387755103526e+03 4.591836734693877098e-02
1.325469304921360931e+11 8.673469387755103526e+03 7.653061224489796088e-02
4.185692541856925201e+10 8.673469387755103526e+03 1.071428571428571369e-01
1.395230847285641670e+10 8.673469387755103526e+03 1.377551020408163129e-01
1.046423135464231300e+10 8.673469387755103526e+03 1.683673469387755028e-01
1.046423135464231300e+10 8.673469387755103526e+03 1.989795918367346927e-01
3.243911719939121704e+11 8.877551020408163822e+03 1.530612244897959148e-02
3.383434804667686157e+11 8.877551020408163822e+03 4.591836734693877098e-02
1.988203957382041931e+11 8.877551020408163822e+03 7.653061224489796088e-02
5.929731100963977051e+10 8.877551020408163822e+03 1.071428571428571369e-01
1.395230847285641670e+10 8.877551020408163822e+03 1.377551020408163129e-01
3.488077118214104176e+09 8.877551020408163822e+03 1.683673469387755028e-01
3.488077118214104176e+09 8.877551020408163822e+03 1.989795918367346927e-01
3.767123287671238403e+11 9.081632653061224119e+03 1.530612244897959148e-02
3.662480974124815063e+11 9.081632653061224119e+03 4.591836734693877098e-02
1.360350076103502045e+11 9.081632653061224119e+03 7.653061224489796088e-02
3.488077118214104462e+10 9.081632653061224119e+03 1.071428571428571369e-01
2.441653982749872971e+10 9.081632653061224119e+03 1.377551020408163129e-01
3.488077118214104176e+09 9.081632653061224119e+03 1.989795918367346927e-01
3.557838660578391724e+11 9.285714285714286234e+03 1.530612244897959148e-02
3.732242516489097290e+11 9.285714285714286234e+03 4.591836734693877098e-02
1.116184677828514252e+11 9.285714285714286234e+03 7.653061224489796088e-02
4.534500253678335571e+10 9.285714285714286234e+03 1.071428571428571369e-01
1.395230847285641670e+10 9.285714285714286234e+03 1.377551020408163129e-01
3.488077118214104176e+09 9.285714285714286234e+03 1.683673469387755028e-01
3.243911719939121704e+11 9.489795918367348349e+03 1.530612244897959148e-02
3.383434804667686157e+11 9.489795918367348349e+03 4.591836734693877098e-02
1.464992389649925232e+11 9.489795918367348349e+03 7.653061224489796088e-02
3.139269406392693710e+10 9.489795918367348349e+03 1.071428571428571369e-01
6.976154236428208351e+09 9.489795918367348349e+03 1.377551020408163129e-01
3.174150177574839478e+11 9.693877551020408646e+03 1.530612244897959148e-02
2.825342465753428345e+11 9.693877551020408646e+03 4.591836734693877098e-02
1.081303906646373138e+11 9.693877551020408646e+03 7.653061224489796088e-02
3.139269406392693710e+10 9.693877551020408646e+03 1.071428571428571369e-01
1.395230847285641670e+10 9.693877551020408646e+03 1.377551020408163129e-01
1.046423135464231300e+10 9.693877551020408646e+03 1.683673469387755028e-01
3.488077118214104176e+09 9.693877551020408646e+03 2.295918367346938549e-01
2.511415525114158630e+11 9.897959183673468942e+03 1.530612244897959148e-02
2.650938609842723083e+11 9.897959183673468942e+03 4.591836734693877098e-02
1.430111618467784119e+11 9.897959183673468942e+03 7.653061224489796088e-02
2.092846270928462601e+10 9.897959183673468942e+03 1.071428571428571369e-01
1.046423135464231300e+10 9.897959183673468942e+03 1.377551020408163129e-01
3.488077118214104176e+09 9.897959183673468942e+03 1.989795918367346927e-01
