3.182870370370814062e+13 8.016032064128256707e+01 7.500000000000000000e-01
3.160546676814239062e+13 2.404809619238477012e+02 7.500000000000000000e-01
2.623731608320974609e+13 4.008016032064128353e+02 7.500000000000000000e-01
2.182141045154975391e+13 5.611222444889779126e+02 7.500000000000000000e-01
1.868214104515639453e+13 7.214428857715431604e+02 7.500000000000000000e-01
1.621258244546028516e+13 8.817635270541081809e+02 7.500000000000000000e-01
1.378488077118275391e+13 1.042084168336673429e+03 7.500000000000000000e-01
1.207572298325748047e+13 1.202404809619238449e+03 7.500000000000000000e-01
1.113394216133947266e+13 1.362725450901803697e+03 7.500000000000000000e-01
9.857305936072839844e+12 1.523046092184368717e+03 7.500000000000000000e-01
8.758561643835174805e+12 1.683366733466933965e+03 7.500000000000000000e-01
7.935375443936702148e+12 1.843687374749498986e+03 7.500000000000000000e-01
6.955225773718605469e+12 2.004008016032064234e+03 7.500000000000000000e-01
6.669203450025068359e+12 2.164328657314629254e+03 7.500000000000000000e-01
6.034373414510144531e+12 2.324649298597194502e+03 7.500000000000000000e-01
5.762303399289462891e+12 2.484969939879759295e+03 7.500000000000000000e-01
5.410007610349862305e+12 2.645290581162324997e+03 7.500000000000000000e-01
4.994926433282412109e+12 2.805611222444889790e+03 7.500000000000000000e-01
4.339167935058204590e+12 2.965931863727455038e+03 7.500000000000000000e-01
4.381024860476770996e+12 3.126252505010020286e+03 7.500000000000000000e-01
4.032217148655384277e+12 3.286573146292585079e+03 7.500000000000000000e-01
3.669457128361142090e+12 3.446893787575150327e+03 7.500000000000000000e-01
3.641552511415431152e+12 3.607214428857715575e+03 7.500000000000000000e-01
3.062531709791929199e+12 3.767535070140280368e+03 7.500000000000000000e-01
2.975329781836582520e+12 3.927855711422846070e+03 7.500000000000000000e-01
3.045091324200859863e+12 4.088176352705410864e+03 7.500000000000000000e-01
2.504439370877710449e+12 4.248496993987975657e+03 7.500000000000000000e-01
2.616057838660554199e+12 4.408817635270541359e+03 7.500000000000000000e-01
2.493975139523068848e+12 4.569138276553106152e+03 7.500000000000000000e-01
2.263762049720953613e+12 4.729458917835670945e+03 7.500000000000000000e-01
2.180048198883819336e+12 4.889779559118236648e+03 7.500000000000000000e-01
2.120750887874179443e+12 5.050100200400802350e+03 7.500000000000000000e-01
1.876585489599191650e+12 5.210420841683366234e+03 7.500000000000000000e-01
1.656836631151702637e+12 5.370741482965931937e+03 7.500000000000000000e-01
1.824264332825979980e+12 5.531062124248497639e+03 7.500000000000000000e-01
1.642884322678846191e+12 5.691382765531062432e+03 7.500000000000000000e-01
1.583587011669206299e+12 5.851703406813627225e+03 7.500000000000000000e-01
1.541730086250636963e+12 6.012024048096192928e+03 7.500000000000000000e-01
1.538242009132422852e+12 6.172344689378757721e+03 7.500000000000000000e-01
1.367326230339931396e+12 6.332665330661322514e+03 7.500000000000000000e-01
1.363838153221717285e+12 6.492985971943888217e+03 7.500000000000000000e-01
1.363838153221717285e+12 6.653306613226453010e+03 7.500000000000000000e-01
1.276636225266364502e+12 6.813627254509017803e+03 7.500000000000000000e-01
1.171993911719941162e+12 6.973947895791583505e+03 7.500000000000000000e-01
1.182458143074583496e+12 7.134268537074148298e+03 7.500000000000000000e-01
1.084791983764588379e+12 7.294589178356713091e+03 7.500000000000000000e-01
1.116184677828515381e+12 7.454909819639278794e+03 7.500000000000000000e-01
8.824835109081699219e+11 7.615230460921844497e+03 7.500000000000000000e-01
9.382927447995957031e+11 7.775551102204408380e+03 7.500000000000000000e-01
8.789954337899558105e+11 7.935871743486974083e+03 7.500000000000000000e-01
9.138762049720969238e+11 8.096192384769539785e+03 7.500000000000000000e-01
8.650431253170993652e+11 8.256513026052103669e+03 7.500000000000000000e-01
7.185438863521066895e+11 8.416833667334669371e+03 7.500000000000000000e-01
7.290081177067490234e+11 8.577154308617235074e+03 7.500000000000000000e-01
7.708650431253183594e+11 8.737474949899798958e+03 7.500000000000000000e-01
7.255200405885349121e+11 8.897795591182364660e+03 7.500000000000000000e-01
7.673769660071042480e+11 9.058116232464930363e+03 7.500000000000000000e-01
6.627346524606809082e+11 9.218436873747494246e+03 7.500000000000000000e-01
7.220319634703208008e+11 9.378757515030061768e+03 7.500000000000000000e-01
6.348300355149680176e+11 9.539078156312625651e+03 7.500000000000000000e-01
6.418061897513962402e+11 9.699398797595189535e+03 7.500000000000000000e-01
5.197234906139024048e+11 9.859719438877757057e+03 7.500000000000000000e-01
6.208777270421115723e+11 1.002004008016032094e+04 7.500000000000000000e-01
5.511161846778293457e+11 1.018036072144288482e+04 7.500000000000000000e-01
5.092592592592600708e+11 1.034068136272545235e+04 7.500000000000000000e-01
5.371638762049729614e+11 1.050100200400801623e+04 7.500000000000000000e-01
4.778665651953330688e+11 1.066132264529058011e+04 7.500000000000000000e-01
4.360096397767637329e+11 1.082164328657314763e+04 7.500000000000000000e-01
3.557838660578391724e+11 1.098196392785571152e+04 7.500000000000000000e-01
4.255454084221213989e+11 1.114228456913827540e+04 7.500000000000000000e-01
4.115930999492649536e+11 1.130260521042084292e+04 7.500000000000000000e-01
4.046169457128367310e+11 1.146292585170340681e+04 7.500000000000000000e-01
3.557838660578391724e+11 1.162324649298597251e+04 7.500000000000000000e-01
4.115930999492649536e+11 1.178356713426853821e+04 7.500000000000000000e-01
3.906646372399802856e+11 1.194388777555110210e+04 7.500000000000000000e-01
3.802004058853379517e+11 1.210420841683366780e+04 7.500000000000000000e-01
3.941527143581943970e+11 1.226452905811623350e+04 7.500000000000000000e-01
3.243911719939121704e+11 1.242484969939879738e+04 7.500000000000000000e-01
3.174150177574839478e+11 1.258517034068136309e+04 7.500000000000000000e-01
3.383434804667686157e+11 1.274549098196392879e+04 7.500000000000000000e-01
3.278792491121262817e+11 1.290581162324649267e+04 7.500000000000000000e-01
3.243911719939121704e+11 1.306613226452905838e+04 7.500000000000000000e-01
3.139269406392698364e+11 1.322645290581162408e+04 7.500000000000000000e-01
2.895104008117710571e+11 1.338677354709418796e+04 7.500000000000000000e-01
3.209030948756980591e+11 1.354709418837675366e+04 7.500000000000000000e-01
3.488077118214109497e+11 1.370741482965931937e+04 7.500000000000000000e-01
2.720700152207005310e+11 1.386773547094188325e+04 7.500000000000000000e-01
2.860223236935569458e+11 1.402805611222444895e+04 7.500000000000000000e-01
2.441653982749876404e+11 1.418837675350701466e+04 7.500000000000000000e-01
2.371892440385594177e+11 1.434869739478957854e+04 7.500000000000000000e-01
2.197488584474888611e+11 1.450901803607214606e+04 7.500000000000000000e-01
2.127727042110606384e+11 1.466933867735470994e+04 7.500000000000000000e-01
2.302130898021311951e+11 1.482965931863727383e+04 7.500000000000000000e-01
2.441653982749876404e+11 1.498997995991984135e+04 7.500000000000000000e-01
2.092846270928465271e+11 1.515030060120240523e+04 7.500000000000000000e-01
2.406773211567735291e+11 1.531062124248496912e+04 7.500000000000000000e-01
1.848680872653477478e+11 1.547094188376753664e+04 7.500000000000000000e-01
1.918442415017759705e+11 1.563126252505010052e+04 7.500000000000000000e-01
2.023084728564183044e+11 1.579158316633266440e+04 7.500000000000000000e-01
1.430111618467784119e+11 1.595190380761523193e+04 7.500000000000000000e-01
1.534753932014207458e+11 1.611222444889779581e+04 7.500000000000000000e-01
1.569634703196348572e+11 1.627254509018035969e+04 7.500000000000000000e-01
1.778919330289195251e+11 1.643286573146292358e+04 7.500000000000000000e-01
1.569634703196348572e+11 1.659318637274549110e+04 7.500000000000000000e-01
1.499873160832066345e+11 1.675350701402805862e+04 7.500000000000000000e-01
1.569634703196348572e+11 1.691382765531061887e+04 7.500000000000000000e-01
1.813800101471336365e+11 1.707414829659318639e+04 7.500000000000000000e-01
1.639396245560630798e+11 1.723446893787575391e+04 7.500000000000000000e-01
1.116184677828514252e+11 1.739478957915831415e+04 7.500000000000000000e-01
1.151065449010655365e+11 1.755511022044088168e+04 7.500000000000000000e-01
1.883561643835618591e+11 1.771543086172344920e+04 7.500000000000000000e-01
1.534753932014207458e+11 1.787575150300600944e+04 7.500000000000000000e-01
1.011542364282090912e+11 1.803607214428857696e+04 7.500000000000000000e-01
1.360350076103502045e+11 1.819639278557114449e+04 7.500000000000000000e-01
1.430111618467784119e+11 1.835671342685370837e+04 7.500000000000000000e-01
1.430111618467784119e+11 1.851703406813627225e+04 7.500000000000000000e-01
9.069000507356675720e+10 1.867735470941883978e+04 7.500000000000000000e-01
1.116184677828514252e+11 1.883767535070140366e+04 7.500000000000000000e-01
1.116184677828514252e+11 1.899799599198396754e+04 7.500000000000000000e-01
9.417808219178086853e+10 1.915831663326653506e+04 7.500000000000000000e-01
1.185946220192796478e+11 1.931863727454909895e+04 7.500000000000000000e-01
9.417808219178086853e+10 1.947895791583166283e+04 7.500000000000000000e-01
9.417808219178086853e+10 1.963927855711423035e+04 7.500000000000000000e-01
1.046423135464232025e+11 1.979959919839679424e+04 7.500000000000000000e-01
1.395230847285643005e+11 1.995991983967935812e+04 7.500000000000000000e-01
1.046423135464232025e+11 2.012024048096192564e+04 7.500000000000000000e-01
1.151065449010655365e+11 2.028056112224448952e+04 7.500000000000000000e-01
1.046423135464232025e+11 2.044088176352705341e+04 7.500000000000000000e-01
8.022577371892442322e+10 2.060120240480962093e+04 7.500000000000000000e-01
7.673769660071031189e+10 2.076152304609218481e+04 7.500000000000000000e-01
5.929731100963977051e+10 2.092184368737474870e+04 7.500000000000000000e-01
9.417808219178086853e+10 2.108216432865731622e+04 7.500000000000000000e-01
9.766615930999497986e+10 2.124248496993988010e+04 7.500000000000000000e-01
5.232115677321156311e+10 2.140280561122244399e+04 7.500000000000000000e-01
5.929731100963977051e+10 2.156312625250501151e+04 7.500000000000000000e-01
6.976154236428208923e+10 2.172344689378757539e+04 7.500000000000000000e-01
5.929731100963977051e+10 2.188376753507013927e+04 7.500000000000000000e-01
5.929731100963977051e+10 2.204408817635270680e+04 7.500000000000000000e-01
4.883307965499745941e+10 2.220440881763527068e+04 7.500000000000000000e-01
5.929731100963977051e+10 2.236472945891783456e+04 7.500000000000000000e-01
7.673769660071031189e+10 2.252505010020040208e+04 7.500000000000000000e-01
8.371385083713853455e+10 2.268537074148296597e+04 7.500000000000000000e-01
5.580923389142566681e+10 2.284569138276552985e+04 7.500000000000000000e-01
3.488077118214104462e+10 2.300601202404809737e+04 7.500000000000000000e-01
8.022577371892442322e+10 2.316633266533066490e+04 7.500000000000000000e-01
4.534500253678335571e+10 2.332665330661322514e+04 7.500000000000000000e-01
5.232115677321156311e+10 2.348697394789579266e+04 7.500000000000000000e-01
7.324961948249620056e+10 2.364729458917836018e+04 7.500000000000000000e-01
1.744038559107052231e+10 2.380761523046092043e+04 7.500000000000000000e-01
5.232115677321156311e+10 2.396793587174348795e+04 7.500000000000000000e-01
5.232115677321156311e+10 2.412825651302605547e+04 7.500000000000000000e-01
3.836884830035514832e+10 2.428857715430861572e+04 7.500000000000000000e-01
3.836884830035514832e+10 2.444889779559118324e+04 7.500000000000000000e-01
4.883307965499745941e+10 2.460921843687375076e+04 7.500000000000000000e-01
6.278538812785387421e+10 2.476953907815631101e+04 7.500000000000000000e-01
5.580923389142566681e+10 2.492985971943887853e+04 7.500000000000000000e-01
5.580923389142566681e+10 2.509018036072144605e+04 7.500000000000000000e-01
3.139269406392693710e+10 2.525050100200400630e+04 7.500000000000000000e-01
3.139269406392693710e+10 2.541082164328657382e+04 7.500000000000000000e-01
3.836884830035514832e+10 2.557114228456914134e+04 7.500000000000000000e-01
5.232115677321156311e+10 2.573146292585170158e+04 7.500000000000000000e-01
3.488077118214104462e+10 2.589178356713426911e+04 7.500000000000000000e-01
1.744038559107052231e+10 2.605210420841683663e+04 7.500000000000000000e-01
3.139269406392693710e+10 2.621242484969939687e+04 7.500000000000000000e-01
2.790461694571283340e+10 2.637274549098196439e+04 7.500000000000000000e-01
4.883307965499745941e+10 2.653306613226453192e+04 7.500000000000000000e-01
4.185692541856925201e+10 2.669338677354709216e+04 7.500000000000000000e-01
2.790461694571283340e+10 2.685370741482965968e+04 7.500000000000000000e-01
2.790461694571283340e+10 2.701402805611222720e+04 7.500000000000000000e-01
3.139269406392693710e+10 2.717434869739478745e+04 7.500000000000000000e-01
3.139269406392693710e+10 2.733466933867735497e+04 7.500000000000000000e-01
3.488077118214104462e+10 2.749498997995992249e+04 7.500000000000000000e-01
4.534500253678335571e+10 2.765531062124248274e+04 7.500000000000000000e-01
2.092846270928462601e+10 2.781563126252505026e+04 7.500000000000000000e-01
2.790461694571283340e+10 2.797595190380761778e+04 7.500000000000000000e-01
3.139269406392693710e+10 2.813627254509017803e+04 7.500000000000000000e-01
2.790461694571283340e+10 2.829659318637274555e+04 7.500000000000000000e-01
2.092846270928462601e+10 2.845691382765531307e+04 7.500000000000000000e-01
3.139269406392693710e+10 2.861723446893787695e+04 7.500000000000000000e-01
3.836884830035514832e+10 2.877755511022044084e+04 7.500000000000000000e-01
2.441653982749872971e+10 2.893787575150300836e+04 7.500000000000000000e-01
6.976154236428208351e+09 2.909819639278557224e+04 7.500000000000000000e-01
1.744038559107052231e+10 2.925851703406813613e+04 7.500000000000000000e-01
1.744038559107052231e+10 2.941883767535070365e+04 7.500000000000000000e-01
3.836884830035514832e+10 2.957915831663326753e+04 7.500000000000000000e-01
2.441653982749872971e+10 2.973947895791583142e+04 7.500000000000000000e-01
1.744038559107052231e+10 2.989979959919839894e+04 7.500000000000000000e-01
1.046423135464231300e+10 3.006012024048096282e+04 7.500000000000000000e-01
2.092846270928462601e+10 3.022044088176352670e+04 7.500000000000000000e-01
1.395230847285641670e+10 3.038076152304609423e+04 7.500000000000000000e-01
2.092846270928462601e+10 3.054108216432865811e+04 7.500000000000000000e-01
2.441653982749872971e+10 3.070140280561122199e+04 7.500000000000000000e-01
6.976154236428208351e+09 3.086172344689378951e+04 7.500000000000000000e-01
2.092846270928462601e+10 3.102204408817635340e+04 7.500000000000000000e-01
1.744038559107052231e+10 3.118236472945891728e+04 7.500000000000000000e-01
1.395230847285641670e+10 3.134268537074148480e+04 7.500000000000000000e-01
6.976154236428208351e+09 3.150300601202404869e+04 7.500000000000000000e-01
1.395230847285641670e+10 3.166332665330661257e+04 7.500000000000000000e-01
2.092846270928462601e+10 3.182364729458918009e+04 7.500000000000000000e-01
2.092846270928462601e+10 3.198396793587174398e+04 7.500000000000000000e-01
2.790461694571283340e+10 3.214428857715430786e+04 7.500000000000000000e-01
1.046423135464231300e+10 3.230460921843687538e+04 7.500000000000000000e-01
2.092846270928462601e+10 3.246492985971943926e+04 7.500000000000000000e-01
1.744038559107052231e+10 3.262525050100200315e+04 7.500000000000000000e-01
1.046423135464231300e+10 3.278557114228457067e+04 7.500000000000000000e-01
2.441653982749872971e+10 3.294589178356713091e+04 7.500000000000000000e-01
1.744038559107052231e+10 3.310621242484969844e+04 7.500000000000000000e-01
3.139269406392693710e+10 3.326653306613226596e+04 7.500000000000000000e-01
2.092846270928462601e+10 3.342685370741483348e+04 7.500000000000000000e-01
1.395230847285641670e+10 3.358717434869739373e+04 7.500000000000000000e-01
6.976154236428208351e+09 3.374749498997996125e+04 7.500000000000000000e-01
1.744038559107052231e+10 3.390781563126252149e+04 7.500000000000000000e-01
1.744038559107052231e+10 3.406813627254508901e+04 7.500000000000000000e-01
6.976154236428208351e+09 3.422845691382765654e+04 7.500000000000000000e-01
6.976154236428208351e+09 3.438877755511022406e+04 7.500000000000000000e-01
1.395230847285641670e+10 3.454909819639278430e+04 7.500000000000000000e-01
3.139269406392693710e+10 3.470941883767535182e+04 7.500000000000000000e-01
1.395230847285641670e+10 3.486973947895791207e+04 7.500000000000000000e-01
2.441653982749872971e+10 3.503006012024047959e+04 7.500000000000000000e-01
1.744038559107052231e+10 3.519038076152304711e+04 7.500000000000000000e-01
1.395230847285641670e+10 3.535070140280561463e+04 7.500000000000000000e-01
2.092846270928462601e+10 3.551102204408817488e+04 7.500000000000000000e-01
3.488077118214104176e+09 3.567134268537074240e+04 7.500000000000000000e-01
1.046423135464231300e+10 3.583166332665330265e+04 7.500000000000000000e-01
3.488077118214104176e+09 3.599198396793587017e+04 7.500000000000000000e-01
1.046423135464231300e+10 3.615230460921843769e+04 7.500000000000000000e-01
3.488077118214104176e+09 3.631262525050100521e+04 7.500000000000000000e-01
1.046423135464231300e+10 3.647294589178357273e+04 7.500000000000000000e-01
3.488077118214104176e+09 3.663326653306613298e+04 7.500000000000000000e-01
3.488077118214104176e+09 3.679358717434870050e+04 7.500000000000000000e-01
3.488077118214104176e+09 3.695390781563126075e+04 7.500000000000000000e-01
3.488077118214104176e+09 3.711422845691382827e+04 7.500000000000000000e-01
1.744038559107052231e+10 3.727454909819639579e+04 7.500000000000000000e-01
3.488077118214104176e+09 3.743486973947896331e+04 7.500000000000000000e-01
1.395230847285641670e+10 3.759519038076152356e+04 7.500000000000000000e-01
1.395230847285641670e+10 3.775551102204409108e+04 7.500000000000000000e-01
3.488077118214104176e+09 3.791583166332665132e+04 7.500000000000000000e-01
6.976154236428208351e+09 3.807615230460921885e+04 7.500000000000000000e-01
1.395230847285641670e+10 3.823647294589178637e+04 7.500000000000000000e-01
1.395230847285641670e+10 3.839679358717435389e+04 7.500000000000000000e-01
1.046423135464231300e+10 3.855711422845691413e+04 7.500000000000000000e-01
1.395230847285641670e+10 3.871743486973948166e+04 7.500000000000000000e-01
6.976154236428208351e+09 3.887775551102204190e+04 7.500000000000000000e-01
6.976154236428208351e+09 3.903807615230460942e+04 7.500000000000000000e-01
1.744038559107052231e+10 3.919839679358717694e+04 7.500000000000000000e-01
6.976154236428208351e+09 3.935871743486974447e+04 7.500000000000000000e-01
6.976154236428208351e+09 3.951903807615230471e+04 7.500000000000000000e-01
3.488077118214104176e+09 3.967935871743487223e+04 7.500000000000000000e-01
6.976154236428208351e+09 3.983967935871743248e+04 7.500000000000000000e-01
6.976154236428208351e+09 4.000000000000000000e+04 7.500000000000000000e-01
6.976154236428208351e+09 4.016032064128256752e+04 7.500000000000000000e-01
1.046423135464231300e+10 4.032064128256513504e+04 7.500000000000000000e-01
3.488077118214104176e+09 4.048096192384769529e+04 7.500000000000000000e-01
1.046423135464231300e+10 4.064128256513026281e+04 7.500000000000000000e-01
6.976154236428208351e+09 4.096192384769539058e+04 7.500000000000000000e-01
6.976154236428208351e+09 4.112224448897795810e+04 7.500000000000000000e-01
3.488077118214104176e+09 4.128256513026052562e+04 7.500000000000000000e-01
3.488077118214104176e+09 4.144288577154308587e+04 7.500000000000000000e-01
3.488077118214104176e+09 4.176352705410821363e+04 7.500000000000000000e-01
6.976154236428208351e+09 4.192384769539078115e+04 7.500000000000000000e-01
3.488077118214104176e+09 4.208416833667334868e+04 7.500000000000000000e-01
3.488077118214104176e+09 4.224448897795591620e+04 7.500000000000000000e-01
6.976154236428208351e+09 4.240480961923847644e+04 7.500000000000000000e-01
3.488077118214104176e+09 4.256513026052104397e+04 7.500000000000000000e-01
3.488077118214104176e+09 4.288577154308617173e+04 7.500000000000000000e-01
3.488077118214104176e+09 4.304609218436873925e+04 7.500000000000000000e-01
6.976154236428208351e+09 4.320641282565130678e+04 7.500000000000000000e-01
1.046423135464231300e+10 4.352705410821643454e+04 7.500000000000000000e-01
6.976154236428208351e+09 4.368737474949899479e+04 7.500000000000000000e-01
6.976154236428208351e+09 4.384769539078156231e+04 7.500000000000000000e-01
3.488077118214104176e+09 4.400801603206412983e+04 7.500000000000000000e-01
6.976154236428208351e+09 4.432865731462925760e+04 7.500000000000000000e-01
1.046423135464231300e+10 4.448897795591182512e+04 7.500000000000000000e-01
3.488077118214104176e+09 4.496993987975952041e+04 7.500000000000000000e-01
6.976154236428208351e+09 4.513026052104208793e+04 7.500000000000000000e-01
1.046423135464231300e+10 4.545090180360721570e+04 7.500000000000000000e-01
3.488077118214104176e+09 4.577154308617234346e+04 7.500000000000000000e-01
3.488077118214104176e+09 4.593186372745491099e+04 7.500000000000000000e-01
3.488077118214104176e+09 4.689378757515030156e+04 7.500000000000000000e-01
6.976154236428208351e+09 4.705410821643286909e+04 7.500000000000000000e-01
3.488077118214104176e+09 4.721442885771543661e+04 7.500000000000000000e-01
3.488077118214104176e+09 4.737474949899799685e+04 7.500000000000000000e-01
3.488077118214104176e+09 4.769539078156312462e+04 7.500000000000000000e-01
1.046423135464231300e+10 4.785571142284569214e+04 7.500000000000000000e-01
3.488077118214104176e+09 4.865731462925851520e+04 7.500000000000000000e-01
3.488077118214104176e+09 4.881763527054108272e+04 7.500000000000000000e-01
3.488077118214104176e+09 4.897795591182365024e+04 7.500000000000000000e-01
3.488077118214104176e+09 4.913827655310621776e+04 7.500000000000000000e-01
6.976154236428208351e+09 4.929859719438877801e+04 7.500000000000000000e-01
3.488077118214104176e+09 4.945891783567134553e+04 7.500000000000000000e-01
3.488077118214104176e+09 4.961923847695390577e+04 7.500000000000000000e-01
3.488077118214104176e+09 4.977955911823647330e+04 7.500000000000000000e-01
6.976154236428208351e+09 5.042084168336673611e+04 7.500000000000000000e-01
3.488077118214104176e+09 5.058116232464929635e+04 7.500000000000000000e-01
3.488077118214104176e+09 5.074148296593186387e+04 7.500000000000000000e-01
3.488077118214104176e+09 5.090180360721443139e+04 7.500000000000000000e-01
6.976154236428208351e+09 5.106212424849699892e+04 7.500000000000000000e-01
3.488077118214104176e+09 5.122244488977955916e+04 7.500000000000000000e-01
3.488077118214104176e+09 5.154308617234468693e+04 7.500000000000000000e-01
3.488077118214104176e+09 5.170340681362725445e+04 7.500000000000000000e-01
3.488077118214104176e+09 5.202404809619238949e+04 7.500000000000000000e-01
3.488077118214104176e+09 5.218436873747494974e+04 7.500000000000000000e-01
1.046423135464231300e+10 5.234468937875751726e+04 7.500000000000000000e-01
3.488077118214104176e+09 5.250501002004007751e+04 7.500000000000000000e-01
3.488077118214104176e+09 5.346693386773546808e+04 7.500000000000000000e-01
3.488077118214104176e+09 5.378757515030060313e+04 7.500000000000000000e-01
1.046423135464231300e+10 5.394789579158317065e+04 7.500000000000000000e-01
3.488077118214104176e+09 5.410821643286573089e+04 7.500000000000000000e-01
6.976154236428208351e+09 5.426853707414829842e+04 7.500000000000000000e-01
3.488077118214104176e+09 5.539078156312624924e+04 7.500000000000000000e-01
3.488077118214104176e+09 5.571142284569138428e+04 7.500000000000000000e-01
3.488077118214104176e+09 5.635270541082163982e+04 7.500000000000000000e-01
3.488077118214104176e+09 5.651302605210420734e+04 7.500000000000000000e-01
3.488077118214104176e+09 5.715430861723447015e+04 7.500000000000000000e-01
3.488077118214104176e+09 5.747494989979959792e+04 7.500000000000000000e-01
6.976154236428208351e+09 5.779559118236473296e+04 7.500000000000000000e-01
3.488077118214104176e+09 5.795591182364730048e+04 7.500000000000000000e-01
3.488077118214104176e+09 5.891783567134269106e+04 7.500000000000000000e-01
3.488077118214104176e+09 5.923847695390781882e+04 7.500000000000000000e-01
3.488077118214104176e+09 5.939879759519037907e+04 7.500000000000000000e-01
6.976154236428208351e+09 6.004008016032064188e+04 7.500000000000000000e-01
3.488077118214104176e+09 6.020040080160320940e+04 7.500000000000000000e-01
3.488077118214104176e+09 6.036072144288576965e+04 7.500000000000000000e-01
3.488077118214104176e+09 6.100200400801603246e+04 7.500000000000000000e-01
3.488077118214104176e+09 6.260521042084168585e+04 7.500000000000000000e-01
3.488077118214104176e+09 6.308617234468938113e+04 7.500000000000000000e-01
3.488077118214104176e+09 6.484969939879759477e+04 7.500000000000000000e-01
3.488077118214104176e+09 6.501002004008016229e+04 7.500000000000000000e-01
3.488077118214104176e+09 7.174348697394790361e+04 7.500000000000000000e-01
3.488077118214104176e+09 7.943887775551102823e+04 7.500000000000000000e-01
