1.700693895772466824e-01
3.277407623107401191e-01
5.051581356513474841e-01
3.001971154724848434e-01
3.583096013972392746e-01
4.871806242959889621e-01
1.035757569157805591e+00
5.409965391061830609e-01
8.712233672182492228e-01
7.438624005798636363e-01
8.665421451608930070e-01
1.050152243658153184e+00
9.471644376624026584e-01
9.624643663515880521e-01
1.127574574142933939e+00
1.231748457046724088e+00
1.381964089318473921e+00
1.336241926296014348e+00
1.795827472125811619e+00
3.962148617483710750e-02
3.540117345150318173e-01
1.598034412148213956e+00
6.391667061922690074e-01
4.769220797699623704e-01
9.319310910355179667e-01
5.518072949674525107e-01
1.180842664935667363e+00
5.384593730895045338e-01
8.675682871045443667e-01
1.365887146653994577e+00
8.889265842094065118e-01
6.918971877508236501e-01
9.489971846319364968e-01
1.121818133554016717e+00
1.334649297781928201e+00
1.210726009439090367e+00
1.383833191749501479e+00
7.270200468823967421e-01
5.525299889847026247e-01
1.085485717833631680e+00
2.325940598892235756e-01
3.254571589644997265e-01
4.162976171797014291e-01
4.893808205930305633e-01
1.715547742570364464e+00
5.130618694890626275e-01
3.976874291540575257e-01
8.230265347206292548e-01
9.279882698644351668e-01
5.760073847553764254e-02
5.172502974478569993e-01
2.089539174484611461e-01
1.909210371572821696e+00
6.341772856032525940e-01
4.317867508357702833e-01
9.751732468953608901e-01
5.760022724261373295e-01
6.301784854275228609e-01
1.828237870364226442e-02
3.068255587371171433e-01
2.520343796742745002e-01
2.288336982110031614e-01
3.617321622469063525e-01
4.321505976186568176e-01
6.621885251794127347e-01
4.879875439126701853e-01
2.692055393253510176e-01
8.018239564268699049e-02
2.327968135907997338e-01
2.623180354389790803e-01
7.766054465297699272e-01
4.182132030445521731e-01
6.684788262621630395e-01
8.974321829055600941e-02
1.152099589421087672e-01
5.453439962771898797e-01
3.018911993364846169e-01
5.492186606147513306e-01
4.573316293853373349e-01
5.261473940857620546e-01
1.167078523908532395e-01
1.592959296328313734e-01
1.078202556557268821e+00
2.714750866553318209e-01
3.142926859471530943e-01
3.099085697688556684e-01
5.160151887540952859e-02
1.441201315309340869e-01
1.780894551762801092e-01
2.946937158997407491e-01
7.733258032811907157e-01
4.004560577896421614e-01
4.334551432792768666e-02
1.253481635655146753e-01
1.554585597452430024e-01
2.717057955949179759e-01
1.481632674325835008e+00
5.622227512662608673e-02
1.379910555101113989e-01
1.681678611548696467e-01
1.198090604047195029e+00
1.076096552197856465e-01
2.074078301617496567e-01
1.991180596480754683e-01
2.794923039839337653e-01
1.472780999569998306e+00
2.493277476489272684e-02
1.240811507280338566e-01
1.708147295508851415e-01
2.474657559053311806e-01
5.631236006601552518e-02
1.016548962163163622e-01
2.075204061303468628e-01
5.661321680768534037e-01
1.323317154980411248e-01
2.245006956520130270e-01
7.078169550925005049e-02
6.381124811473715130e-02
1.744666489956927247e-01
3.690556678761333087e-01
1.719551702370079593e-01
1.765157899540994169e-01
2.085805657747851205e-01
3.924747883290857775e-02
1.226903114093799707e-01
1.988674939753564130e-01
4.534191921821598831e-02
1.239339493389876729e-01
1.931775434779129941e-01
