1.900114335241547339e-02
1.900114335241547339e-02
1.900114335241547339e-02
1.900114335241547339e-02
1.900114335241547339e-02
1.900114335241547339e-02
1.900114335241547339e-02
1.900114335241547339e-02
1.900114335241547339e-02
1.900114335241547339e-02
1.900114335241547339e-02
1.900114335241547339e-02
1.900114335241547339e-02
1.900114335241547339e-02
1.900114335241547339e-02
1.900114335241547339e-02
1.900114335241547339e-02
1.900114335241547339e-02
1.900114335241547339e-02
6.333375673596449915e-03
6.333375673596449915e-03
6.333375673596449915e-03
6.333375673596449915e-03
6.333375673596449915e-03
6.333375673596449915e-03
6.333375673596449915e-03
6.333375673596449915e-03
6.333375673596449915e-03
6.333375673596449915e-03
6.333375673596449915e-03
6.333375673596449915e-03
6.333375673596449915e-03
6.333375673596449915e-03
6.333375673596449915e-03
6.333375673596449915e-03
6.333375673596449915e-03
6.333375673596449915e-03
3.800009145415257986e-03
3.800009145415257986e-03
3.800009145415257986e-03
3.800009145415257986e-03
3.800009145415257986e-03
3.800009145415257986e-03
3.800009145415257986e-03
3.800009145415257986e-03
3.800009145415257986e-03
3.800009145415257986e-03
3.800009145415257986e-03
3.800009145415257986e-03
2.714289047116433522e-03
2.714289047116433522e-03
2.714289047116433522e-03
2.714289047116433522e-03
2.714289047116433522e-03
2.714289047116433522e-03
2.714289047116433522e-03
2.714289047116433522e-03
2.714289047116433522e-03
2.111112679177404045e-03
2.111112679177404045e-03
2.111112679177404045e-03
2.111112679177404045e-03
2.111112679177404045e-03
2.111112679177404045e-03
2.111112679177404045e-03
2.111112679177404045e-03
1.727273586097335901e-03
1.727273586097335901e-03
1.727273586097335901e-03
1.727273586097335901e-03
1.727273586097335901e-03
1.727273586097335901e-03
1.727273586097335901e-03
1.461538981956353976e-03
1.461538981956353976e-03
1.461538981956353976e-03
1.461538981956353976e-03
1.461538981956353976e-03
1.461538981956353976e-03
1.461538981956353976e-03
1.266667005414806807e-03
1.266667005414806807e-03
1.266667005414806807e-03
1.266667005414806807e-03
1.266667005414806807e-03
1.266667005414806807e-03
1.117647291527057310e-03
1.117647291527057310e-03
1.117647291527057310e-03
1.117647291527057310e-03
1.117647291527057310e-03
1.117647291527057310e-03
1.000000166736630600e-03
1.000000166736630600e-03
1.000000166736630600e-03
1.000000166736630600e-03
1.000000166736630600e-03
9.047620281233204401e-04
9.047620281233204401e-04
9.047620281233204401e-04
9.047620281233204401e-04
8.260870505057267511e-04
8.260870505057267511e-04
8.260870505057267511e-04
8.260870505057267511e-04
8.260870505057267511e-04
7.600000731233605986e-04
7.600000731233605986e-04
7.600000731233605986e-04
7.600000731233605986e-04
7.037037617428338167e-04
7.037037617428338167e-04
7.037037617428338167e-04
6.551724606926890562e-04
6.551724606926890562e-04
6.551724606926890562e-04
6.129032641339652795e-04
6.129032641339652795e-04
6.129032641339652795e-04
6.129032641339652795e-04
5.757576074532702853e-04
5.757576074532702853e-04
5.757576074532702853e-04
5.428571694939233420e-04
5.428571694939233420e-04
5.428571694939233420e-04
5.135135359034496017e-04
5.135135359034496017e-04
5.135135359034496017e-04
