1.000000000000000056e-01 6.790985029955720911e-07
2.169052183045735716e-01 2.126821747296212577e-07
4.704787372775471876e-01 8.401749869294343702e-08
1.020492932168464595e+00 1.311133937421563027e-08
4.801202261272811356e+00 1.622123939129169639e-09
1.041405824605790720e+01 1.019537868532730279e-09
2.258863577297735503e+01 3.193020307691027309e-10
4.899592973540154617e+01 1.786902433735824981e-10
1.062747283529282356e+02 0.000000000000000000e+00
4.999999999999999432e+02 0.000000000000000000e+00
