1.000000000000000056e-01 1.336750699919706306e-07
2.169052183045735716e-01 2.086064493471961080e-08
4.704787372775471876e-01 1.167419358823457474e-08
1.020492932168464595e+00 6.533201459593783214e-09
2.213502422302752848e+00 1.444321464727279011e-09
4.801202261272811356e+00 6.408002744416009583e-10
1.041405824605790720e+01 4.523370744772096101e-10
2.258863577297735503e+01 1.786902433735824981e-10
4.899592973540154617e+01 1.416643274669019178e-10
1.062747283529282356e+02 1.123104501832951578e-10
2.305154315365115849e+02 1.416643274669019178e-10
4.999999999999999432e+02 0.000000000000000000e+00
