1.000000000000000021e-08 6.978305848598663137e-08
3.727593720314937660e-08 6.978305848598663137e-08
1.389495494373135967e-07 6.978305848598663137e-08
5.179474679231212542e-07 6.978305848598663137e-08
1.930697728883249761e-06 6.978305848598663137e-08
7.196856730011513747e-06 7.201481925158132393e-08
2.682695795279727390e-05 7.431795487839461614e-08
1.000000000000000048e-04 7.431795487839461614e-08
3.727593720314937870e-04 7.914755439411160426e-08
1.389495494373136101e-03 8.167880496440613410e-08
5.179474679231202416e-03 8.429100850284558197e-08
1.930697728883249559e-02 8.976871324473142207e-08
7.196856730011513825e-02 9.865988956531019171e-08
2.682695795279722017e-01 1.084316958237171013e-07
1.000000000000000000e+00 1.439471679872244262e-07
