1.000000000000000021e-08 1.015864859274396090e-10
2.154434690031882249e-08 1.015864859274396090e-10
4.641588833612782064e-08 1.015864859274396090e-10
9.999999999999999547e-08 1.015864859274396090e-10
2.154434690031882183e-07 1.015864859274396090e-10
4.641588833612772535e-07 1.015864859274396090e-10
9.999999999999999547e-07 1.015864859274396090e-10
2.154434690031882236e-06 1.015864859274396090e-10
4.641588833612772641e-06 1.015864859274396090e-10
1.000000000000000082e-05 1.015864859274396090e-10
2.154434690031882321e-05 7.431795487839461614e-08
4.641588833612772302e-05 7.431795487839461614e-08
1.000000000000000048e-04 7.431795487839461614e-08
2.154434690031882321e-04 7.669474803529163960e-08
4.641588833612772438e-04 7.914755439411160426e-08
1.000000000000000021e-03 7.914755439411160426e-08
2.154434690031882104e-03 8.429100850284558197e-08
4.641588833612772871e-03 8.429100850284558197e-08
1.000000000000000021e-02 8.976871324473142207e-08
2.154434690031882191e-02 8.976871324473142207e-08
4.641588833612772524e-02 9.560239010953075349e-08
1.000000000000000056e-01 1.018151721718181889e-07
2.154434690031882260e-01 1.084316958237171013e-07
4.641588833612772524e-01 1.191713543468341864e-07
1.000000000000000000e+00 1.439471679872244262e-07
