1.000000000000000056e-01 8.401749869294343702e-08
2.169052183045735716e-01 1.857409074638571677e-08
4.704787372775471876e-01 0.000000000000000000e+00
1.020492932168464595e+00 5.179474679231223163e-09
2.213502422302752848e+00 8.903890941296734593e-05
4.801202261272811356e+00 1.968419447286611130e-05
1.041405824605790720e+01 4.351665070924420325e-06
2.258863577297735503e+01 9.620403271064759845e-07
4.899592973540154617e+01 2.126821747296212577e-07
1.062747283529282356e+02 3.727593720314937660e-08
2.305154315365115849e+02 7.337467970651387930e-09
4.999999999999999432e+02 0.000000000000000000e+00
