1.000000000000000056e-01 4.793715645558218481e-07
2.169052183045735716e-01 1.893698888950360233e-07
4.704787372775471876e-01 7.480826455225093186e-08
1.020492932168464595e+00 6.533201459593783214e-09
2.213502422302752848e+00 8.903890941296734593e-05
4.801202261272811356e+00 1.560548645007074980e-05
1.041405824605790720e+01 3.874675120456127981e-06
2.258863577297735503e+01 7.626985859023451211e-07
4.899592973540154617e+01 1.501310728908174361e-07
1.062747283529282356e+02 3.319008795914677014e-08
2.305154315365115849e+02 7.337467970651387930e-09
4.999999999999999432e+02 0.000000000000000000e+00
