81.852	0.991627	-1.01528	-0.203195	1.43367
34.3585	-0.765101	1.59525	-2.58793	3.1349
110.741	-0.551011	1.49669	0.603951	1.70542
66.0948	-0.3945	2.61511	-1.17226	2.89286
100.99	-1.28441	1.50376	0.384065	2.01457
17.4358	0.818371	-0.251944	-2.72641	2.85772
95.1455	-1.72944	1.46429	0.204055	2.27525
40.4723	-0.377777	-0.672919	-0.904442	1.18893
67.1503	-0.81076	1.17679	-0.602174	1.55074
81.007	0.165347	2.40771	-0.381941	2.44342
101.377	-1.04239	-0.719375	0.254854	1.2919
102.85	1.0009	-2.235	0.558608	2.51179
54.8936	0.413619	0.748919	-0.601432	1.04579
162.671	-0.255288	0.32877	1.334	1.39743
68.7017	0.578833	-1.35225	-0.573441	1.57875
94.9502	0.539297	-1.5949	0.145822	1.68991
104.221	-0.48932	1.71946	0.453071	1.84424
85.6029	-0.978881	-0.645534	-0.0901648	1.17603
61.5226	-0.605246	1.01795	-0.642415	1.34731
100.512	0.222907	-1.40394	0.26377	1.44579
99.7393	-1.09108	2.22007	0.424584	2.50987
16.5082	-0.367347	-0.756574	-2.83781	2.95982
88.6197	-1.08006	-1.6218	-0.04695	1.9491
89.063	0.343836	1.68907	-0.0281931	1.72394
81.0371	1.61613	-2.13507	-0.422338	2.71086
42.284	0.601839	-0.676949	-0.996018	1.3463
61.1736	0.0125536	1.50327	-0.827359	1.71595
133.488	2.06893	0.706095	2.07365	3.01314
30.4534	0.449544	0.434128	-1.06292	1.23303
128.621	0.643775	-1.24495	1.11968	1.79389
138.394	-1.09207	-2.13875	2.70425	3.6166
78.7145	0.331168	1.71781	-0.349113	1.78393
66.9859	1.0951	-0.402711	-0.495615	1.2677
59.9834	-1.32696	0.865247	-0.915212	1.82951
96.7505	-1.81567	-0.874584	0.238548	2.0294
39.1334	0.65613	1.96455	-2.54561	3.28178
112.576	0.58296	0.751102	0.395303	1.02969
87.4924	-1.602	0.837298	-0.0791642	1.80935
154.22	-0.0965611	0.483965	1.02176	1.1347
139.947	0.333764	-1.41684	1.73145	2.26202
131.145	-0.463505	2.36631	2.1068	3.20201
94.4062	1.84306	0.703357	0.152005	1.97855
50.7064	2.59769	0.278755	-2.13791	3.37584
48.5468	-0.587827	-0.633827	-0.763546	1.15338
139.953	1.6445	0.186756	1.96917	2.57233
39.5105	0.173139	-0.688127	-0.860462	1.1153
109.332	2.56003	1.70028	1.07817	3.25686
108.957	-0.009201	-1.6431	0.564409	1.73736
64.6388	0.474624	1.04927	-0.545878	1.27445
91.6686	1.24931	-0.875043	0.0444307	1.52592
120.076	0.114584	-1.50145	0.872032	1.74009
79.9124	-0.378901	1.68806	-0.307786	1.75723
88.7886	-1.95051	-0.213307	-0.041493	1.96258
137.76	1.17898	0.613705	1.46381	1.97721
148.761	1.05496	0.564536	1.97265	2.30716
65.4195	0.263867	1.09857	-0.516802	1.2424
91.3017	-1.43749	1.00378	0.0398402	1.75372
73.5471	-0.995198	1.61559	-0.560374	1.97853
81.4973	0.0613172	-2.16363	-0.323592	2.18856
88.4779	-3.14532	-0.177197	-0.0837081	3.15142
91.7829	-1.04657	-0.897421	0.0429145	1.37931
10.0063	0.200661	0.313438	-2.10931	2.14189
107.815	1.0685	2.46492	0.863327	2.82186
90.7359	0.172151	-1.2562	0.0162856	1.26805
120.642	-1.16614	0.36536	0.72393	1.42037
152.557	-0.518689	-0.632168	1.57465	1.77432
147.95	0.450838	0.89736	1.604	1.89244
97.9434	-1.5887	-1.74578	0.329361	2.38331
62.2155	1.00116	-0.00246722	-0.527506	1.13163
96.9904	-2.25156	1.04566	0.304395	2.50112
125.022	-0.833993	1.22657	1.03943	1.81119
83.9765	1.47655	1.58344	-0.228456	2.17708
47.3199	1.56463	-1.91287	-2.27882	3.36157
54.8152	-1.84879	-2.28553	-2.07254	3.59681
52.5687	0.845782	-1.11227	-1.06954	1.75966
95.5738	-1.93423	-1.68001	0.25002	2.57414
152.273	0.681431	-0.0175425	1.29686	1.46509
124.188	-1.05677	0.763256	0.885509	1.5759
43.4374	0.397805	0.647344	-0.802421	1.10507
109.485	-0.933173	0.688652	0.410356	1.23022
28.6013	-0.477034	0.765359	-1.65402	1.88391
110.89	-0.449912	1.07175	0.443628	1.24413
70.9567	0.38426	-2.4557	-0.857956	2.62949
40.3437	0.602563	0.29408	-0.789402	1.03572
99.1527	0.966507	-0.948791	0.218214	1.37184
52.8266	0.405916	-1.09831	-0.887916	1.4695
130.259	0.931334	-0.629057	0.951721	1.47271
74.4862	-1.29452	0.959662	-0.44731	1.67237
40.4439	-0.516871	1.76702	-2.15989	2.83807
108.621	-1.61069	-3.85597	1.40805	4.4097
68.5518	-1.5629	-0.139403	-0.616449	1.68585
117.594	-0.295147	-1.70693	0.905377	1.95459
78.3158	0.990733	-2.19551	-0.498126	2.45966
146.356	-0.682119	0.644576	1.41016	1.69391
121.155	1.50401	0.563049	0.970889	1.87662
93.2751	-1.22021	-2.37595	0.152841	2.67533
30.7862	0.627204	0.487418	-1.33323	1.55193
6.35313	0.223409	0.349108	-3.7226	3.7456
137.975	-0.795512	0.87264	1.31027	1.76385
81.2874	1.74973	0.506748	-0.279158	1.8429
48.7476	1.36917	-0.266081	-1.2233	1.85524
39.4387	1.30564	-0.319009	-1.63402	2.11577
90.5558	-2.17809	-0.331792	0.0213725	2.20332
161.563	1.00662	-0.0802216	3.02902	3.19291
161.879	-0.365482	0.380459	1.61205	1.69618
89.8476	-2.15277	-0.275707	-0.00577421	2.17036
47.5939	1.12949	1.17074	-1.48576	2.20315
143.7	-0.285856	1.4282	1.9828	2.46028
138.626	2.22227	0.0913109	2.52512	3.36497
30.1061	-0.53713	-0.1245	-0.950932	1.09922
169.457	0.234183	-0.193726	1.633	1.66104
51.5999	-1.45904	1.40206	-1.60381	2.58201
84.2392	1.59831	-3.52895	-0.390836	3.89369
48.9707	-0.635205	0.869717	-0.937176	1.42765
86.0276	-1.38499	0.971424	-0.117476	1.69578
133.871	-0.0304947	1.06637	1.02556	1.47981
49.4817	0.306315	1.55263	-1.35251	2.08177
48.8718	-1.95442	-0.307379	-1.72762	2.62658
110.822	-1.10196	0.26572	0.431088	1.21275
107.261	-0.354124	1.67851	0.533011	1.79636
45.2658	1.54618	0.34885	-1.5704	2.23126
144.084	-0.573189	-0.576357	1.12227	1.38572
122.09	0.34974	-1.3859	0.896287	1.68711
40.4481	0.389448	-2.05028	-2.44797	3.21681
109.378	0.120581	1.09913	0.388916	1.17213
97.9248	1.5969	-0.100814	0.222733	1.6155
106.659	2.89773	0.808751	0.90022	3.14027
113.974	-2.25088	0.589774	1.0347	2.54655
101.794	0.0118563	-2.76098	0.576502	2.82055
20.5138	0.659957	-0.53365	-2.26834	2.42192
146.501	1.72252	-1.32567	3.28408	3.93823
106.945	-0.111395	-1.51918	0.464121	1.5924
47.0486	-0.687068	1.73327	-1.7357	2.54735
117.35	-1.44503	4.28854	2.34081	5.095
145.847	-0.316462	0.49143	0.861612	1.04117
61.2571	1.15412	-1.02215	-0.845548	1.75834
31.4411	0.0691434	0.531145	-0.876086	1.02685
71.4314	-1.46036	-0.158385	-0.493451	1.54959
128.114	-1.1212	0.703123	1.03824	1.68209
44.6304	0.0569984	1.19162	-1.20847	1.69811
104.121	-0.802414	0.860675	0.296036	1.21337
40.573	0.860456	0.057022	-1.00707	1.32583
112.517	2.00674	-0.0167731	0.831939	2.17242
98.1791	1.26019	0.110267	0.181817	1.278
84.825	-1.2127	0.912762	-0.137465	1.52403
139.415	-0.574356	1.42781	1.79651	2.36558
46.1599	2.55038	2.3059	-3.3018	4.76692
81.7395	0.43701	-0.921793	-0.148105	1.03083
82.7695	1.31799	0.81395	-0.196532	1.56148
93.9259	0.382246	2.00319	0.139952	2.04413
95.0566	2.0195	-1.25917	0.210581	2.38919
47.5674	1.47299	-0.585309	-1.44898	2.14752
129.274	-1.51275	0.712857	1.36749	2.16024
93.536	-0.550825	2.78674	0.175534	2.84608
76.4509	1.38023	0.735673	-0.376913	1.60882
137.893	-1.7579	-1.23761	2.37873	3.20628
122.796	1.03325	-0.0920892	0.668428	1.23405
70.4175	-2.74946	1.4555	-1.10669	3.30194
123.816	-0.217847	1.0832	0.740104	1.32987
63.9623	-1.28624	0.687656	-0.712555	1.62327
93.8206	1.48877	0.799333	0.112844	1.69354
88.0525	-0.989271	0.764497	-0.042514	1.25097
73.3277	-0.462659	2.2942	-0.700917	2.44309
84.597	0.64358	-2.61947	-0.255119	2.70941
70.1004	0.494576	-2.21822	-0.822684	2.417
77.3576	0.833928	-1.57276	-0.399299	1.82441
24.1749	0.753921	-0.489103	-2.00199	2.19444
118.133	-1.17078	-1.59376	1.05739	2.24251
35.3554	-0.388408	-1.49245	-2.17361	2.66512
71.8004	5.3741	-0.369742	-1.77105	5.67048
100.402	-1.36543	-0.277963	0.255798	1.41672
79.7781	-1.28424	-0.964743	-0.289641	1.63214
118.256	-0.543801	-0.86266	0.548064	1.1577
94.3808	-0.33509	1.38081	0.108851	1.42505
124.969	1.36095	0.56305	1.0301	1.79731
106.404	-1.94412	1.45773	0.715347	2.53304
118.651	1.87521	0.405444	1.04822	2.18622
63.1273	-0.799613	0.807906	-0.576002	1.27431
21.1616	-0.751961	0.818629	-2.87151	3.07916
65.821	-0.379317	1.37818	-0.641782	1.56689
155.486	-0.606257	-0.4631	1.67297	1.8387
112.973	1.42108	0.305167	0.616149	1.57868
89.188	-0.497375	1.73582	-0.0255933	1.80585
98.1167	-0.794064	2.00521	0.307585	2.17854
104.228	-0.478959	0.903135	0.259212	1.05463
144.039	-1.2516	-0.280998	1.76807	2.18439
26.7276	-0.490704	0.676878	-1.66028	1.85889
153.685	-1.01638	1.38322	3.47069	3.87195
75.3713	0.347366	1.70521	-0.45423	1.79854
45.0227	1.82445	0.0720891	-1.82443	2.58116
95.7593	-0.0640758	-1.01683	0.102759	1.02401
28.3036	0.493756	-0.759228	-1.68174	1.9101
128.348	0.820739	0.826763	0.921632	1.48545
98.3144	1.42225	4.40893	0.677019	4.68186
99.8844	1.77949	0.146264	0.311117	1.8124
58.674	-0.900117	1.61958	-1.12773	2.16911
59.4494	2.34495	-0.948572	-1.49302	2.93729
48.1435	-0.16468	0.817438	-0.747038	1.11955
104.163	-1.99686	0.0623847	0.504154	2.06046
41.7668	-0.386903	0.754574	-0.949525	1.27306
53.5226	2.27091	2.42219	-2.45483	4.12919
137.93	-0.23643	0.73806	0.858604	1.15665
73.4629	-2.437	0.130066	-0.72462	2.54577
47.5123	0.90888	-1.74813	-1.80466	2.67185
40.2254	0.689213	-0.459728	-0.979483	1.28287
48.924	0.997749	-0.0181159	-0.869798	1.32377
52.6063	0.588688	2.17647	-1.72344	2.83792
132.922	-0.793521	-0.353319	0.8078	1.18619
43.106	-0.988251	0.386541	-1.13374	1.55288
160.942	0.344976	-0.724593	2.32311	2.45782
66.7415	1.05837	0.130579	-0.458347	1.16073
90.3673	-2.06505	0.161398	0.0132768	2.07139
44.4232	0.507574	-0.529237	-0.748212	1.04764
138.976	0.367186	0.640263	0.848347	1.12448
98.4361	-0.444822	-2.73118	0.410401	2.79743
98.6177	-1.15041	1.41909	0.276855	1.84767
64.1829	0.839055	-1.57524	-0.863448	1.98266
79.5252	-1.9067	-0.437674	-0.361688	1.98945
63.5032	2.04289	-0.39182	-1.03696	2.32426
55.6522	2.29943	0.210942	-1.57798	2.79676
102.356	-1.25833	-0.806924	0.327452	1.53028
26.2659	-0.0807031	-0.487789	-1.00188	1.11724
87.8208	-0.753221	1.02684	-0.0484603	1.2744
15.2202	-0.169193	-0.504799	-1.95683	2.02796
134.618	-0.150364	-2.00039	1.97946	2.81823
99.9471	1.75949	-0.697171	0.331911	1.92146
98.5484	1.61607	-1.45149	0.326516	2.19662
163.713	0.0315849	-0.622699	2.13399	2.22321
76.6116	1.08155	2.63065	-0.677	2.92376
18.5115	0.857354	0.357306	-2.77413	2.92549
82.6571	-0.10945	0.997472	-0.12931	1.01176
109.683	1.35913	0.21469	0.492226	1.46138
69.5121	-1.49642	-0.306629	-0.570747	1.63066
122.191	2.88983	0.13243	1.82112	3.41835
61.7973	1.07911	-0.296086	-0.60007	1.26974
145.714	-0.529407	-0.839842	1.45612	1.76235
45.2321	1.23595	0.367211	-1.27894	1.81607
154.221	0.659556	0.665374	1.93983	2.15423
104.02	0.0651293	3.26913	0.81645	3.37017
82.5778	-3.37259	-0.15245	-0.439799	3.40456
122.828	0.201333	1.20279	0.786771	1.45129
87.6985	-2.37602	1.52934	-0.113563	2.82794
117.792	-0.78616	1.21095	0.760958	1.63203
62.735	-0.450786	1.19246	-0.656997	1.43416
59.4815	0.154666	-1.31594	-0.781061	1.53808
28.8964	-1.352	0.178697	-2.47081	2.82219
106.898	-0.312385	-1.27324	0.398273	1.37016
51.7109	-1.25966	-0.603573	-1.1027	1.77961
45.5869	0.876253	0.724805	-1.11411	1.59198
133.968	1.74792	-1.20863	2.04987	2.95262
159.074	0.241728	0.425499	1.27976	1.37013
129.747	1.08929	0.492042	0.994	1.55457
83.7034	1.2516	1.2613	-0.196066	1.78768
128.279	1.93801	1.44181	1.90619	3.07705
166.666	-0.200578	-0.814913	3.54069	3.63879
121.823	1.53122	0.871444	1.09337	2.07352
57.5819	1.89506	-0.49962	-1.2446	2.32161
94.9808	1.30338	-0.198804	0.114903	1.32345
74.813	1.3967	0.0773645	-0.379717	1.44946
114.761	0.913096	0.184045	0.429622	1.02576
52.7223	1.26701	-1.14635	-1.30058	2.14731
71.6357	-1.78405	-1.45879	-0.765025	2.4282
89.8613	0.499894	1.02912	-0.00277044	1.14411
51.6489	0.36294	1.08779	-0.907306	1.46227
91.4587	2.12011	-1.29264	0.0632291	2.48391
70.8651	-1.33458	0.0945755	-0.46421	1.41617
110.474	-0.556517	-1.76097	0.689554	1.97135
129.897	1.4987	-0.421465	1.30158	2.02925
120.129	-1.51139	-1.76994	1.35075	2.69101
88.6335	-0.830775	-0.602189	-0.0244769	1.02636
107.18	1.00261	-2.60367	0.862576	2.92034
114.268	1.50796	-0.0177834	0.67991	1.65425
65.5854	-2.2394	0.914655	-1.09805	2.65654
74.7078	-0.890511	-1.70967	-0.527075	1.99845
121.709	-1.03672	-0.0796492	0.642398	1.22222
34.1318	-0.858087	-0.107647	-1.2758	1.54129
113.18	-1.6757	1.35112	0.921705	2.34159
90.5356	-0.377135	1.42528	0.0137824	1.4744
102.044	0.591493	1.50606	0.345214	1.65446
82.9011	1.73275	0.765778	-0.235925	1.90905
51.1331	-0.672086	1.18987	-1.10137	1.75514
40.4057	1.41184	0.131699	-1.66577	2.18757
123.462	0.574917	0.620394	0.559033	1.01387
51.2802	-0.00252254	-1.24141	-0.995265	1.59112
67.4281	-0.643608	2.2443	-0.970526	2.52845
75.4073	2.31092	-1.94958	-0.787139	3.12423
53.015	-0.646719	-0.855126	-0.807476	1.3422
123.1	0.646476	1.28888	0.939971	1.72124
78.6964	-2.3863	0.929695	-0.511909	2.61167
86.7569	1.98713	-2.32054	-0.173113	3.05999
66.3498	0.077418	-0.939233	-0.412717	1.02883
64.5575	1.37438	-0.539617	-0.702447	1.6351
64.6319	-1.09106	0.865522	-0.660342	1.5413
47.5971	-0.482958	1.08406	-1.08379	1.60718
65.4846	0.762315	-1.36188	-0.711769	1.71536
84.4237	-2.27465	-0.63385	-0.230545	2.37254
35.5865	0.476738	-0.391057	-0.861696	1.05959
142.354	-0.748413	-0.356903	1.07491	1.35754
103.653	1.7075	0.325429	0.42223	1.78878
141.265	0.884013	1.40166	2.06588	2.64839
92.8636	0.762327	0.960281	0.0613296	1.22762
153.72	0.491794	-0.594367	1.56228	1.74237
80.0233	-1.24052	-0.0023918	-0.218218	1.25957
117.513	2.79251	0.764795	1.50804	3.26454
29.1079	-0.517426	-1.56124	-2.95407	3.38108
91.8108	0.677677	1.00603	0.0383488	1.21359
118.376	0.380647	-1.68281	0.931945	1.96093
95.0224	-0.941298	1.72517	0.172711	1.97284
111.83	0.0279678	1.32673	0.531563	1.42953
55.0397	-0.7618	0.390654	-0.598581	1.04463
174.429	-0.228759	-0.175576	2.95627	2.9703
122.189	0.211955	1.13286	0.725458	1.36183
63.694	-0.290204	-2.52737	-1.25764	2.83787
42.4701	0.27794	0.661679	-0.784036	1.06291
115.98	0.666261	1.12685	0.637917	1.45624
107.718	-2.29655	2.37428	1.05531	3.46771
24.3427	-0.182015	0.373628	-0.918635	1.00827
36.6907	0.100664	-0.723305	-0.980072	1.22223
71.8657	0.31897	-1.26943	-0.428679	1.3773
82.0415	1.09664	-2.23435	-0.347965	2.51316
66.9225	0.963547	-0.465495	-0.455938	1.16318
53.5804	-0.918176	1.13995	-1.07993	1.81901
84.5456	-1.9387	-0.189705	-0.186003	1.95682
47.7124	-1.81938	-0.971721	-1.87602	2.78816
135.476	-0.789403	-0.179238	0.823048	1.15442
50.1543	-0.317968	-1.45615	-1.24382	1.94128
127.984	-0.818752	-1.9364	1.64164	2.66739
52.6678	-0.184649	1.53478	-1.17899	1.94414
142.84	0.552901	-2.47221	3.34231	4.19387
120.636	1.60013	-0.909307	1.09	2.139
60.5094	-0.546712	-0.856533	-0.574686	1.16739
119.401	-0.823417	-1.46109	0.945043	1.92508
139.823	0.947557	0.670243	1.37455	1.79902
93.3411	-2.16046	-0.778706	0.134069	2.30042
44.4638	-0.440453	-0.607571	-0.764607	1.07134
122.235	0.0331365	-0.954801	0.602446	1.12946
88.6865	-4.67045	0.448605	-0.107584	4.69317
137.008	0.172418	1.54655	1.6692	2.28205
125.402	-1.91584	-0.556463	1.41791	2.44757
93.1713	1.27589	0.427587	0.0745558	1.34769
109.961	1.64224	0.711517	0.650026	1.90414
81.7274	0.222908	-1.07353	-0.159416	1.10795
92.5879	2.27449	0.085829	0.102874	2.27843
66.1964	2.09064	0.980745	-1.01868	2.52395
15.239	-0.386037	0.434672	-2.13397	2.21174
121.715	0.274123	-1.11295	0.708317	1.34741
163.469	0.25997	0.393781	1.58975	1.6583
113.871	0.335727	0.946359	0.444357	1.09807
146.022	2.23253	-0.228573	3.32989	4.01554
77.6882	1.44695	1.31558	-0.426816	2.00165
70.2991	0.255841	-1.99692	-0.720884	2.13842
30.6727	-0.552239	1.06581	-2.02386	2.35307
128.569	-2.25175	2.99722	2.98937	4.79479
61.4062	0.042757	-1.47743	-0.805652	1.68336
80.7368	-2.66073	1.14954	-0.47273	2.93674
132.943	-1.17733	0.504096	1.19192	1.74954
127.493	-0.0208427	-0.82672	0.634415	1.0423
133.09	1.29253	-0.784019	1.41417	2.07007
111.346	1.80341	0.876644	0.78363	2.15287
82.9352	2.26466	-0.683222	-0.293162	2.38357
140.843	0.284407	0.889505	1.1468	1.47893
84.3615	0.233766	-1.32296	-0.132638	1.34998
96.3727	-0.734457	-0.935781	0.13286	1.19698
68.9206	-2.62023	0.249859	-1.01456	2.82088
75.0654	-1.17542	-1.98528	-0.615379	2.38781
96.9087	-4.22751	0.49057	0.515674	4.287
52.1881	-0.433674	0.662241	-0.614295	1.002
129.071	0.770684	0.839348	0.925076	1.46773
117.726	1.37682	-2.27415	1.39725	3.00328
76.8152	-0.16261	1.40505	-0.331355	1.45272
39.6251	1.77441	-1.52816	-2.82817	3.67183
122.811	0.902251	0.987493	0.862404	1.59152
147.641	0.598863	0.879698	1.67955	1.98832
167.33	-0.267863	-0.118557	1.30298	1.3355
62.9734	-0.427426	1.47695	-0.784324	1.72605
82.9054	-0.172371	2.30541	-0.287734	2.32968
162.668	-0.352098	0.140756	1.21506	1.27285
151.215	-0.50006	-0.0593234	0.916562	1.04578
95.8299	-1.63962	0.619504	0.178961	1.76186
97.0299	-3.31083	0.339681	0.410414	3.35342
133.04	-0.739482	-1.05375	1.20211	1.76133
153.745	0.591447	0.748716	1.93439	2.15691
76.5062	-0.953669	-0.216001	-0.234643	1.00558
94.9668	-0.878529	1.31019	0.13709	1.58341
47.542	-0.457485	1.2558	-1.22291	1.81158
138.267	-0.238384	-1.85409	2.09566	2.80825
47.9321	-0.928855	0.945466	-1.19624	1.78541
147.372	0.788213	2.53173	4.14172	4.9178
79.2916	-2.25189	-2.49087	-0.634993	3.4174
97.2259	-0.388686	-1.4971	0.196107	1.55912
86.2223	1.55905	3.02534	-0.224727	3.41084
43.9403	1.01452	-0.0876568	-1.05668	1.46749
66.6501	1.02882	3.51622	-1.5816	3.99045
77.9582	0.497104	0.937634	-0.226388	1.08514
148.349	0.0418826	-1.39173	2.25872	2.65339
108.895	-1.75467	-1.9121	0.888286	2.743
68.6919	-1.74034	-2.31662	-1.13016	3.1101
20.1655	-0.528633	0.180492	-1.52105	1.62038
29.3106	-0.571775	-0.676742	-1.57806	1.80975
77.1367	1.84639	-1.46701	-0.53852	2.41894
140.829	-0.166634	-0.700118	0.883325	1.13938
145.348	-0.604781	-0.346309	1.00826	1.22568
79.9672	-1.70109	1.49775	-0.400982	2.30168
104.417	1.94315	-1.37248	0.611559	2.45633
112.251	-0.899248	0.303333	0.388282	1.02539
51.4607	-1.0458	0.178843	-0.845132	1.35644
104.694	3.17874	0.488089	0.843354	3.32474
84.9603	0.291937	2.44867	-0.21747	2.47558
55.5419	-0.933685	-1.7726	-1.37479	2.4298
97.1157	-1.20451	-1.02026	0.197056	1.59078
117.262	-0.965282	-0.129106	0.501828	1.09557
102.999	-1.90551	-0.730021	0.471078	2.09424
127.486	-2.21747	1.42939	2.02339	3.32482
52.7948	1.15811	0.24846	-0.899222	1.48713
82.5898	-1.38091	-1.92603	-0.308229	2.38987
79.638	1.16051	-2.95751	-0.58092	3.22972
104.544	1.58739	-0.591394	0.439488	1.75006
101.655	1.15014	-0.773206	0.285856	1.41506
76.466	-1.46635	1.06915	-0.436819	1.86656
170.158	-0.312772	-0.114558	1.92	1.94867
70.625	1.31757	-1.96649	-0.832423	2.50919
23.7241	-0.439269	-0.553617	-1.60811	1.75655
30.6372	0.734938	0.67139	-1.6807	1.95337
127.152	0.643395	1.15122	0.999295	1.65465
152.748	-0.824955	0.0941958	1.61202	1.8133
35.5457	-1.14596	-0.0060511	-1.60389	1.97122
147.921	0.737903	1.03191	2.02394	2.38865
49.3869	1.73109	0.419689	-1.52741	2.34645
119.314	-0.20872	-0.999843	0.573517	1.1714
35.6496	-0.643824	1.3978	-2.14566	2.64049
79.1034	0.438744	0.943559	-0.200319	1.05968
66.954	-0.278754	0.974474	-0.431191	1.10147
65.86	-1.1845	1.07978	-0.718314	1.7564
85.634	0.401508	1.01104	-0.0830556	1.09101
66.209	1.64285	-0.2258	-0.731086	1.8123
39.7702	0.660042	-0.0659386	-0.796994	1.03692
89.4301	-1.6505	-0.00634402	-0.0164168	1.65059
37.2149	1.62701	0.499961	-2.24121	2.81427
44.8762	-0.220828	2.87557	-2.89654	4.08749
85.4898	0.48526	1.12665	-0.0967637	1.23052
90.5598	0.963519	1.35136	0.016217	1.65976
75.222	1.13731	-1.78155	-0.557574	2.18593
32.5432	1.18563	0.110359	-1.86601	2.21357
62.1114	-0.423762	-1.99361	-1.07863	2.30597
15.9209	-0.220802	0.225294	-1.10588	1.14999
38.7651	-0.949976	-0.709348	-1.47642	1.89353
79.012	2.01648	-0.790047	-0.420503	2.20617
94.7677	1.87271	0.350161	0.158898	1.91178
59.3786	1.70001	0.203751	-1.01344	1.98962
53.9158	0.797754	0.874425	-0.862635	1.46464
107.825	0.846591	-0.909952	0.399632	1.30554
124.643	-0.32088	0.810548	0.602336	1.0596
93.6549	2.2618	2.02418	0.193884	3.04148
87.4325	0.857546	-1.41864	-0.0743324	1.65935
38.3921	0.389874	-1.25083	-1.65351	2.10966
126.894	-0.771842	-1.72608	1.41931	2.36422
60.4952	0.292133	-1.64196	-0.943747	1.91625
41.7304	1.72356	0.373438	-1.97726	2.64947
47.0767	-0.155985	-0.734637	-0.698456	1.0256
18.6157	0.798469	0.6311	-3.02148	3.18828
32.9276	0.894796	0.381266	-1.50188	1.78932
91.082	-0.286774	4.28976	0.0811965	4.3001
132.566	-0.980776	1.53572	1.67356	2.4741
101.18	-4.6525	0.479574	0.924396	4.76762
89.5046	2.79384	0.297549	-0.0242946	2.80974
93.8304	1.57088	0.323041	0.107375	1.60734
52.5642	1.4025	-0.983621	-1.31141	2.15739
49.9993	0.525701	1.6332	-1.4397	2.23974
25.4793	0.239337	-0.586462	-1.32923	1.47243
62.9361	0.00256384	-1.56481	-0.799512	1.75723
136.184	-1.80503	0.26402	1.90123	2.63487
76.9647	0.858781	-1.54169	-0.40857	1.81142
95.4438	-2.3568	0.0863348	0.224753	2.36907
170.938	0.349942	-0.166974	2.43105	2.46177
83.0626	-1.09227	-0.915483	-0.173411	1.4357
123.514	-0.605068	-1.17885	0.87751	1.58929
18.6311	-0.184846	-0.466309	-1.48784	1.57012
131.539	0.0658539	-0.788623	0.701094	1.05726
16.1359	0.297773	-0.197538	-1.23512	1.28577
109.878	1.35092	0.191064	0.493286	1.4508
91.3467	-0.689628	-1.94386	0.0484874	2.06314
78.6056	-0.985616	-0.723677	-0.246428	1.24735
111.713	-0.674275	1.55027	0.673193	1.81966
84.1591	-1.08239	-3.75584	-0.399855	3.9291
87.7789	1.24814	0.311027	-0.0498904	1.28728
44.3108	0.174416	0.946949	-0.986326	1.3784
113.511	2.19913	0.616802	0.993611	2.49076
35.3968	-0.0847637	-0.705858	-1.00049	1.22736
95.5167	1.45614	-1.19061	0.181666	1.88968
68.3633	-0.83934	1.95675	-0.844577	2.29056
19.7125	-1.03594	0.672835	-3.4476	3.66222
102.783	1.66705	-0.650333	0.40598	1.83488
143.972	1.11971	1.12235	2.17984	2.69539
56.6359	-1.45449	-2.02163	-1.63994	2.98193
31.5904	-1.17546	1.14918	-2.67309	3.13811
87.4095	1.72668	-1.85053	-0.114514	2.53358
102.497	-2.03169	0.707799	0.476866	2.20367
4.827	-0.309254	0.04222	-3.69608	3.70924
79.2478	-1.47353	0.232194	-0.28327	1.51837
42.0803	1.19548	0.259811	-1.35489	1.82549
63.9976	0.847485	-1.4172	-0.805466	1.83725
160.391	-0.904822	-0.0967585	2.55431	2.71156
48.7755	0.166117	1.31719	-1.16325	1.76514
74.014	-2.85916	-1.33103	-0.903506	3.28067
151.16	0.355527	-0.752645	1.51158	1.72562
133.655	0.491921	-1.46565	1.47506	2.1368
33.5358	1.33254	-0.054658	-2.01221	2.41405
166.278	0.283268	0.0956554	1.22443	1.2604
45.6239	-0.795416	-0.691257	-1.03111	1.47435
144.967	1.05249	-0.0802212	1.50564	1.83878
127.124	-0.124089	1.2861	0.978044	1.6205
48.8576	0.710161	1.04421	-1.10327	1.67687
51.056	-2.42638	-1.3546	-2.2458	3.57294
69.4069	-0.0291685	1.09334	-0.410957	1.16839
154.374	0.639376	0.626343	1.86589	2.06946
125.963	1.85464	0.306339	1.36388	2.32243
118.871	0.800757	-0.686009	0.581378	1.20408
117.96	5.10554	0.919669	2.75374	5.87328
123.837	0.34032	-2.31475	1.56846	2.81673
36.9888	0.614776	0.319456	-0.919779	1.15152
106.594	-1.28077	-1.13795	0.510552	1.78772
85.2974	-0.727429	-2.21227	-0.191569	2.33666
117.169	2.46198	1.33998	1.43863	3.15064
172.451	0.235623	-0.041123	1.80488	1.82066
42.4639	-0.453704	1.44325	-1.65312	2.2409
115.326	-1.06785	1.85026	1.011	2.36345
125.996	-0.968558	0.864504	0.943111	1.60466
30.5654	-0.0217707	-1.07482	-1.8203	2.11404
89.3095	-1.23619	-2.25918	-0.0310368	2.57546
80.1607	-3.03333	-0.24176	-0.527759	3.08838
94.6809	-1.66904	-1.49665	0.183557	2.2493
84.1113	-0.699219	-2.16382	-0.234542	2.28605
106.6	1.92386	1.13024	0.66518	2.32833
163.768	-0.446841	0.12465	1.59339	1.65955
35.5924	0.815701	0.72	-1.52014	1.86939
77.6282	-2.49813	-1.56793	-0.646949	3.01954
32.4722	-0.204774	0.603623	-1.00161	1.18723
23.593	-0.0678424	0.523169	-1.20792	1.31809
79.9545	0.434573	2.73733	-0.49098	2.81476
134.146	-0.617027	0.705404	0.909656	1.30606
136.859	-0.774732	-0.650137	1.07922	1.47905
103.914	-1.18063	-2.84814	0.763796	3.17635
50.0876	0.637008	2.35056	-2.03716	3.17505
106.944	1.12795	-3.88291	1.23184	4.2269
126.017	-1.84993	-0.11938	1.34769	2.29189
112.777	1.34447	0.371946	0.585729	1.51295
134.024	1.98419	1.02494	2.15845	3.10587
36.272	0.109679	0.979632	-1.34331	1.66619
88.0115	0.88413	0.860698	-0.0428401	1.23463
138.392	0.610991	1.16951	1.48577	1.9871
60.1137	-1.09095	-0.313982	-0.652426	1.30935
145.012	0.820065	0.863544	1.70149	2.07685
114.726	-1.32549	-1.52273	0.929667	2.22259
27.8152	0.213381	1.23676	-2.37886	2.68962
119.422	2.11771	-0.757188	1.26838	2.58202
85.3848	-1.78985	-2.93432	-0.277462	3.4483
131.811	0.849549	-0.151874	0.771924	1.15787
133.462	0.741647	0.874879	1.08696	1.58017
106.997	-1.43034	4.53367	1.45312	4.97107
97.0075	-0.694904	-1.06213	0.156013	1.27881
139.312	1.2184	-0.284386	1.45523	1.91913
66.2676	0.874662	-1.85862	-0.903095	2.2439
174.75	0.188767	-0.151939	2.6372	2.64831
122.209	1.30866	-0.115176	0.827582	1.55266
72.5837	-0.602989	-1.72029	-0.571836	1.91049
139.143	0.466953	2.13599	2.52793	3.3423
38.8797	-1.31532	-0.0471894	-1.63233	2.09685
63.6925	-2.09372	0.734586	-1.09699	2.47521
52.8866	0.835315	-0.384904	-0.695925	1.15335
47.8702	-0.0721789	1.20022	-1.08757	1.62128
89.2616	1.69421	-0.337753	-0.0222645	1.7277
136.942	0.278859	-0.837413	0.944561	1.29276
87.9776	-0.655806	-1.21286	-0.0486879	1.37966
121.372	-0.677665	-1.29648	0.891962	1.71338
26.6612	-0.386001	-0.851731	-1.86242	2.084
158.38	0.600922	-0.292542	1.6863	1.81391
63.8894	0.682605	2.25302	-1.15383	2.62172
82.6608	1.75852	2.1201	-0.354776	2.77724
120.141	-1.83038	0.449212	1.09431	2.17936
34.254	1.86257	-0.279941	-2.76586	3.34627
95.3753	-0.411129	0.923383	0.0951071	1.01524
133.993	-2.22185	-1.6781	2.68818	3.87027
149.092	0.193158	-0.638596	1.1144	1.29885
82.3603	1.43928	0.145536	-0.194041	1.45958
85.3243	1.09477	-1.021	-0.122435	1.50198
113.371	-1.64299	-0.0833476	0.710913	1.79214
141.198	1.23024	1.02654	1.99266	2.55694
104.085	-3.10882	-1.53734	0.870192	3.57567
56.5042	-1.85474	1.68506	-1.65835	3.00494
117.179	-2.83249	0.824868	1.51483	3.31635
148.62	-0.280365	0.471987	0.900091	1.0543
130.651	-0.499961	-0.646811	0.701966	1.07753
75.9842	1.17454	1.01577	-0.387624	1.6005
45.447	0.0454827	-1.16816	-1.15095	1.64053
115.413	-0.78844	0.803006	0.534674	1.24593
116.632	-0.964886	1.17037	0.760619	1.69686
67.8761	1.65816	0.834475	-0.754666	2.00383
135.819	-0.236564	-0.873048	0.930753	1.29787
130.648	-0.155702	1.34883	1.16573	1.78955
146.78	-0.793144	1.09505	2.06464	2.46798
116.491	-0.491024	-0.760594	0.451198	1.01153
149.564	0.946984	0.0765254	1.61701	1.87546
32.3898	-0.0303157	-0.993246	-1.56645	1.85505
121.631	1.47742	1.30713	1.21508	2.31685
24.7338	0.582243	1.59321	-3.68222	4.05414
79.6359	-1.29823	1.56987	-0.372563	2.07091
34.2385	-1.05025	-1.09422	-2.22852	2.69567
145.93	-0.953554	-0.118564	1.42086	1.71527
35.7204	-0.274564	-1.75132	-2.46514	3.03635
92.3782	0.432139	-0.998639	0.0451904	1.08907
21.1753	-0.0926502	0.750672	-1.95253	2.09391
87.8063	1.59312	1.42045	-0.0817631	2.13597
85.1826	2.12307	0.177789	-0.179555	2.13805
78.1267	0.933457	0.567166	-0.229643	1.11613
58.2593	0.301592	-0.934805	-0.607616	1.155
115.61	0.220666	1.08767	0.531981	1.23074
76.2055	-0.457521	0.972352	-0.263841	1.10653
44.5569	-0.273599	3.13508	-3.19605	4.48534
107.132	3.16897	0.768064	1.00512	3.41212
57.0787	-0.299836	1.038	-0.699539	1.28713
110.191	-1.16793	-1.07878	0.584694	1.69402
15.5587	0.073456	-0.556968	-2.01773	2.09448
30.2005	0.594956	1.00591	-2.00796	2.3233
132.911	1.05813	0.856896	1.26573	1.85902
45.4443	1.38057	0.136652	-1.36596	1.94692
109.549	-2.45073	-2.26599	1.18521	3.54196
94.2345	-0.459227	1.83066	0.139742	1.89255
73.7651	-3.78236	0.72061	-1.12118	4.01031
32.4164	-0.376762	-0.932178	-1.58332	1.87558
122.719	-0.917667	-0.14674	0.597053	1.10459
132.276	0.450097	1.36274	1.30479	1.93962
126.713	1.13667	-0.629176	0.968835	1.62065
163.877	0.328658	-0.0135818	1.13793	1.18452
95.6726	-0.940736	0.858152	0.126482	1.27961
53.4565	0.473414	0.805541	-0.692485	1.16299
129.146	1.4836	-1.29088	1.60083	2.53577
68.433	2.22978	1.04409	-0.973183	2.64747
102.708	-0.48968	1.52901	0.36205	1.64582
98.8835	2.17363	1.26737	0.393271	2.54667
101.056	0.564686	2.44078	0.489492	2.55262
111.848	0.846736	-0.634284	0.424189	1.13983
128.956	0.5597	1.26497	1.11838	1.77881
115.217	2.76864	2.07357	1.62894	3.82342
32.747	-0.220857	1.04967	-1.66782	1.98298
105.017	-2.02888	-0.144011	0.545645	2.1059
121.038	-0.262411	-0.878801	0.551896	1.07039
84.4351	-1.08815	0.43892	-0.114321	1.1789
107.017	-1.19935	-0.774961	0.437016	1.49331
54.7546	1.92894	-3.26004	-2.67662	4.6382
59.9975	-0.110491	0.997748	-0.57963	1.15917
36.8921	1.52629	0.272669	-2.0656	2.58275
58.8597	0.350943	-3.15394	-1.91737	3.70767
157.443	0.36971	0.332198	1.1966	1.29572
49.0577	-0.622305	1.38047	-1.31365	2.00465
55.6771	0.433385	-0.731802	-0.580673	1.02982
27.1049	-0.669351	-1.27967	-2.82153	3.16964
166.461	0.153729	-0.407173	1.80737	1.85903
105.987	1.191	0.349346	0.355597	1.29111
108.814	-0.660559	1.27013	0.487754	1.51244
25.702	-0.35195	-0.995329	-2.19343	2.43427
130.835	-0.974023	0.216719	0.862369	1.31885
44.8876	-1.39372	0.383185	-1.45112	2.04818
117.993	-2.84113	0.890389	1.58261	3.37186
64.1024	-1.0976	0.437376	-0.573662	1.31343
90.9362	1.56014	1.4957	0.035317	2.16158
114.351	1.73541	-1.96463	1.18641	2.87732
38.4582	1.09203	-1.47901	-2.31475	2.95602
99.4316	0.886439	0.690621	0.186666	1.13911
111.83	-0.0761269	1.09923	0.441389	1.18699
30.0197	-1.3578	0.118427	-2.35883	2.72428
115.469	0.980976	0.11089	0.470236	1.0935
159.502	-0.615676	0.103077	1.66977	1.78265
44.6085	1.49904	-0.531956	-1.61252	2.26502
88.367	0.125698	1.82362	-0.052113	1.82869
51.98	-0.50186	-1.47665	-1.21937	1.9797
94.3485	1.29067	-2.46208	0.211386	2.7879
66.2272	-0.605886	1.7932	-0.83375	2.06829
59.778	-0.74472	0.68186	-0.588192	1.16855
131.224	-1.06613	-0.401502	0.998149	1.51464
103.032	1.00228	-1.50085	0.417728	1.85246
65.1164	0.147662	-2.01923	-0.939094	2.23181
118.444	-1.3174	0.573938	0.778403	1.63427
107.831	0.778235	1.43244	0.524368	1.71246
138.349	1.20673	0.343672	1.41068	1.88794
76.5479	-2.4012	-2.14803	-0.770629	3.31265
56.6341	-1.11646	-0.280067	-0.757996	1.37822
81.4847	-0.604269	1.28268	-0.212291	1.43369
129.548	0.943002	-1.00782	1.13967	1.78992
33.5221	0.212111	0.704367	-1.11046	1.332
118.239	1.12747	-0.368801	0.637094	1.34651
23.4109	-0.305499	0.302782	-0.993437	1.08255
138.583	-0.447767	-0.81435	1.05347	1.4048
64.8125	-0.358879	-1.50003	-0.725371	1.70442
64.703	-0.509199	-2.23089	-1.08151	2.53098
158.951	0.832371	0.0161363	2.16326	2.31793
10.2714	-0.220339	-0.254428	-1.85733	1.88758
78.3904	2.09183	-0.445679	-0.439402	2.18346
95.3318	-0.523929	1.00648	0.105895	1.13961
136.233	-1.36417	0.475552	1.50822	2.0885
79.9611	0.476013	-0.951378	-0.188326	1.08036
140.594	-1.0804	-0.105103	1.32122	1.70995
103.272	0.621017	1.12098	0.302272	1.31667
89.2382	1.65138	-0.548913	-0.0231387	1.74038
128.91	0.114036	-1.58128	1.27968	2.03741
150.957	0.856774	-1.18607	2.63489	3.01388
104.025	1.27376	-0.0732591	0.318691	1.31507
23.0561	0.22655	-0.542787	-1.38187	1.50184
97.7023	-1.47251	-0.459925	0.20864	1.55671
16.846	-0.347542	0.162746	-1.2674	1.32422
66.3129	0.779801	0.646579	-0.4444	1.10618
88.1461	-1.94724	-1.58699	-0.0813085	2.51334
154.08	-1.11107	-0.282778	2.35905	2.62289
108.516	1.72346	-0.471954	0.598439	1.88446
81.5633	-0.335811	1.62894	-0.246688	1.68139
117.138	-0.616643	1.67252	0.913676	2.00309
94.9784	-0.58266	1.09058	0.107707	1.24116
16.53	0.277258	0.248409	-1.25432	1.30839
129.607	-1.09241	-0.497571	0.993302	1.55807
13.0783	0.186429	0.431192	-2.02217	2.07602
134.466	-1.92119	1.52275	2.40621	3.43505
75.4388	-0.918609	0.396918	-0.259938	1.0339
108.416	-1.21824	0.565332	0.447184	1.41552
82.2249	-0.864293	1.52085	-0.238847	1.76551
43.4123	1.22972	0.00385424	-1.29983	1.78935
80.3859	1.0338	-1.11539	-0.257609	1.54247
87.5036	-1.7629	-0.907362	-0.0864423	1.98459
28.1338	0.254005	1.04122	-2.00438	2.27293
68.2767	1.54591	2.21189	-1.07517	2.90487
104.974	-0.853295	0.605994	0.279925	1.08337
92.7776	-0.488965	1.59332	0.0808594	1.66862
58.3557	-0.929671	-1.17165	-0.921745	1.75689
72.3875	1.13994	-1.67244	-0.642532	2.12353
80.4558	-1.10579	0.323133	-0.193699	1.16821
79.3336	2.08885	1.26806	-0.460241	2.48658
129.836	1.16478	-0.537302	1.07009	1.67048
127.761	-0.917767	1.43787	1.32129	2.15768
57.0176	-2.0414	-0.251245	-1.3348	2.45196
101.537	1.55222	0.738317	0.350862	1.75431
137.217	0.479414	1.37474	1.57321	2.14353
124.765	0.636203	1.20262	0.944349	1.65615
98.8393	0.409985	1.69976	0.271911	1.76953
125.238	0.794652	1.25332	1.04831	1.81693
47.5838	-0.909579	1.49954	-1.60239	2.37563
127.466	-0.897853	-0.0960903	0.692024	1.13766
28.2159	0.851262	0.17365	-1.61922	1.83757
153.666	0.475143	-0.619628	1.57755	1.76021
126.518	1.50234	0.397725	1.15074	1.93375
127.825	-0.420711	-1.08015	0.899964	1.46754
33.3858	0.670178	0.712917	-1.48471	1.77814
139.484	-0.0113638	-1.1965	1.40017	1.84179
133.917	2.09101	-1.44725	2.44867	3.53028
133.086	0.241358	-0.802988	0.784252	1.14808
41.2107	0.216779	-0.729309	-0.86878	1.15484
30.3711	-0.391614	-0.825199	-1.55867	1.80659
104.613	1.41517	0.17707	0.371838	1.47388
103.913	0.693684	1.4973	0.408788	1.70006
64.1763	-0.672318	-1.42464	-0.762337	1.75007
89.2737	0.785725	1.87201	-0.0257394	2.03038
46.477	-1.03498	1.38067	-1.63878	2.37971
119.063	-1.05484	-0.286258	0.607418	1.25043
86.366	1.24635	-1.31212	-0.114937	1.81336
97.8231	-0.362804	1.34476	0.191366	1.40593
110.114	1.75261	1.0191	0.742473	2.15905
124.894	-0.259478	1.62411	1.14711	2.00522
109.12	0.818846	-2.06376	0.769712	2.34991
79.8018	-1.13766	-2.37285	-0.473393	2.67372
151.917	-0.115227	-1.118	2.1064	2.3875
65.1098	1.69099	1.87263	-1.17068	2.78149
119.923	-2.34638	-0.557369	1.38806	2.7826
116.609	1.57611	-0.283667	0.802258	1.79115
107.377	0.333507	-3.04062	0.957221	3.20513
47.4665	-0.430821	0.955293	-0.961394	1.42214
102.458	-0.768866	1.90741	0.454336	2.10613
71.3674	-1.0237	-0.135415	-0.34817	1.08974
72.8197	1.75527	-2.2375	-0.879245	2.97665
160.208	-0.507827	0.185524	1.50241	1.59673
22.7387	0.524314	0.467434	-1.67602	1.81726
45.6027	-0.0434092	-1.40475	-1.37616	1.96698
127.402	-0.752669	0.727094	0.800162	1.31736
139.815	0.514513	-1.38973	1.75457	2.29665
47.238	0.244236	-1.94117	-1.8093	2.66484
88.3088	2.2146	-1.77077	-0.0837225	2.83674
46.8274	-0.93819	-0.663767	-1.07819	1.57584
44.9532	-0.618821	0.766199	-0.986495	1.39398
133.35	0.778668	-1.11634	1.28485	1.87174
110.002	1.34703	-1.31396	0.684963	2.00254
101.524	2.78437	1.69858	0.665	3.32868
64.1673	0.977974	1.33777	-0.802254	1.84111
79.55	0.509847	0.855778	-0.183725	1.01294
130.212	0.893411	-1.51414	1.48634	2.30217
62.393	-3.03639	0.162449	-1.59013	3.43141
47.2287	-1.32892	-0.779496	-1.42524	2.0988
41.1595	0.00155799	-2.03198	-2.32442	3.08737
81.2427	0.552083	-1.59193	-0.259558	1.70482
95.4659	1.74793	-1.61402	0.227655	2.39
68.552	1.34057	0.15265	-0.530062	1.44961
135.87	0.112118	1.09298	1.1326	1.57796
98.495	1.56693	0.393364	0.2413	1.63347
30.7288	1.27834	-0.419893	-2.26355	2.63327
61.2957	0.687567	0.59573	-0.498162	1.03721
74.7228	1.09475	-0.253456	-0.306931	1.16487
122.464	-0.697968	0.946782	0.748307	1.3941
59.3842	-1.46853	-0.430537	-0.905611	1.77822
80.9873	0.981038	0.146155	-0.157322	1.00426
88.1175	1.3499	-0.258071	-0.045171	1.37509
43.0745	-0.926912	1.1184	-1.55365	2.12693
52.7258	1.39837	-1.33834	-1.47316	2.43245
70.5677	0.900806	0.622769	-0.386347	1.16127
125.309	-1.59517	-1.31443	1.46398	2.53289
162.418	-0.620025	0.291523	2.16222	2.26817
88.9903	-1.93296	1.55045	-0.0436753	2.47834
120.066	0.220124	-1.13561	0.669621	1.33659
121.308	-0.483409	-1.69125	1.06983	2.05877
57.4112	1.17435	-0.340701	-0.781661	1.45127
44.1624	0.0795756	0.896874	-0.927115	1.29238
109.364	-1.19316	-1.23451	0.603409	1.81982
158.674	-0.767568	-0.916189	3.0615	3.28654
52.2098	-1.30884	0.599337	-1.11623	1.8216
103.252	-1.27737	2.0376	0.566358	2.47067
86.3065	1.5963	0.992087	-0.121326	1.88338
150.36	-0.0910664	0.806384	1.42618	1.6409
96.616	0.887631	-1.55774	0.207951	1.80491
119.13	2.05676	0.21896	1.15267	2.36788
56.8701	1.48368	0.960019	-1.15333	2.11024
112.385	-0.304808	2.08905	0.869498	2.28321
88.9218	-2.20564	1.37577	-0.0489241	2.6
115.816	-1.2653	-0.347899	0.634837	1.45775
61.8998	-0.74597	1.67101	-0.977115	2.07449
47.6377	1.11003	1.31565	-1.56975	2.32965
48.3595	-0.776934	-1.22407	-1.28905	1.94
54.8146	-0.52917	-3.26353	-2.33097	4.04525
41.2369	0.44223	-0.895975	-1.13986	1.51579
125.332	-1.35062	-0.174139	0.965335	1.66924
116.248	-1.93584	1.37335	1.17036	2.64637
49.1993	0.291044	-2.25389	-1.9617	3.00216
66.1958	-0.0997948	-1.02229	-0.453117	1.12266
145.189	-0.0621446	0.943285	1.35958	1.65593
138.365	-0.918722	1.23601	1.73247	2.31802
72.4232	2.0124	1.88534	-0.87353	2.89263
110.066	1.20682	0.388194	0.463069	1.34965
108.052	-0.88232	1.4294	0.547479	1.76675
106.5	-1.95068	0.673602	0.611292	2.15234
97.0344	-0.459716	-2.48825	0.312231	2.54956
101.994	-2.3274	-0.377299	0.500884	2.4104
98.0382	-0.251952	-4.46263	0.631221	4.51409
126.448	0.191306	0.814446	0.617888	1.04005
143.722	0.630216	-0.125155	0.875388	1.08588
93.5345	1.47917	1.32886	0.122818	1.99221
50.2922	-1.10512	1.74183	-1.71307	2.68139
126.531	1.95392	-1.01729	1.63187	2.74147
70.2541	2.80989	-0.592562	-1.03081	3.0511
59.5154	0.960236	-0.0395429	-0.565753	1.11521
84.0884	-1.61638	0.204342	-0.168699	1.63795
51.709	1.93223	0.889725	-1.67945	2.71029
144.065	-0.597071	0.162701	0.853796	1.05448
53.713	0.120281	0.965013	-0.714018	1.20646
64.5883	0.956469	-0.580039	-0.531434	1.23843
123.189	1.28589	1.15617	1.1311	2.0663
89.0276	0.632301	0.812073	-0.0174692	1.02936
81.3244	-1.12751	0.230285	-0.175594	1.16411
101.692	2.82252	0.607612	0.597483	2.94835
28.2753	0.759854	0.0561408	-1.41651	1.60842
46.3408	0.227978	1.21005	-1.17502	1.70202
19.1831	-0.0453771	-0.629681	-1.81461	1.9213
94.9722	-0.978266	0.967304	0.119689	1.38094
49.6146	0.0408343	1.00083	-0.852045	1.31503
43.2904	-0.255018	-1.5886	-1.70794	2.34643
93.493	1.89534	0.32744	0.117406	1.927
102.559	-1.42858	-0.792014	0.36388	1.67348
80.0022	2.58755	0.349803	-0.460302	2.65135
71.5398	2.05942	2.32284	-1.03629	3.27272
119.263	1.08601	-2.14959	1.34946	2.76065
43.7663	1.1895	-0.513888	-1.3528	1.87324
43.7053	-0.336291	-0.606006	-0.725114	1.00306
118.093	-0.390445	1.04377	0.594871	1.26324
82.8956	0.420959	2.00145	-0.25491	2.06107
144.692	-0.0142713	-1.27812	1.80471	2.21151
71.5852	1.23365	0.100861	-0.412105	1.30457
66.3749	2.92826	1.74322	-1.49064	3.71962
92.1951	-0.865281	-2.05266	0.0853843	2.22922
51.3093	-0.170564	-0.811875	-0.664413	1.06286
144.536	0.494882	-1.21249	1.83844	2.25718
108.855	1.58449	-1.098	0.658339	2.03707
123.157	1.96215	-0.815909	1.3883	2.53833
16.7051	0.173756	-1.02604	-3.46756	3.62035
84.6063	0.95267	1.49148	-0.167097	1.77764
84.0071	-1.29519	1.36277	-0.197367	1.8904
115.376	-0.860117	0.607733	0.499528	1.16562
111.933	1.08473	0.134662	0.440126	1.17834
153.66	-0.539358	-0.0861121	1.10319	1.23099
72.6636	1.12334	-1.46159	-0.575442	1.93113
101.42	-0.342174	2.14834	0.43945	2.21936
60.9358	1.58838	0.0694079	-0.883621	1.81894
141.653	1.4273	1.27946	2.42305	3.08956
9.12606	-0.232553	0.609718	-4.06225	4.11433
72.5739	0.837785	1.04358	-0.420056	1.40264
11.0262	0.264216	0.107128	-1.46318	1.4907
125.635	1.25388	-1.38038	1.33684	2.29452
67.0149	-1.87432	-1.09156	-0.920021	2.35605
130.148	0.855374	0.101322	0.726562	1.12686
154.663	0.603635	-0.230126	1.36435	1.50956
135.434	1.35412	0.215511	1.39207	1.95395
45.2794	-0.236621	-0.786331	-0.813193	1.15568
97.4191	-1.8521	-1.88857	0.344446	2.66751
70.4803	-0.939447	1.28299	-0.563723	1.68713
117.345	-0.0533643	-3.0276	1.56591	3.409
48.398	0.879936	-0.817592	-1.0665	1.60629
116.879	-0.0810732	1.08618	0.552069	1.22112
93.6621	-0.498354	1.59133	0.106727	1.67095
121.658	0.747351	0.934112	0.737642	1.40542
32.4972	0.880903	-0.341043	-1.48291	1.75822
112.859	0.192473	-1.87238	0.793508	2.04267
50.4337	-2.35864	-1.78686	-2.44502	3.83851
94.0605	-1.23778	-1.23962	0.124356	1.75619
49.0456	-0.543824	0.80861	-0.845736	1.2903
24.6346	0.740432	0.0527178	-1.61876	1.78084
115.034	-0.890649	-1.40983	0.778826	1.8405
67.9537	1.03713	-2.00948	-0.915766	2.43973
120.655	-1.60457	2.57107	1.79626	3.52301
121.848	-0.518278	-0.851117	0.61902	1.17312
58.8935	0.940746	-0.648562	-0.689463	1.33454
29.3607	-0.362262	-0.933532	-1.77998	2.04231
121.679	0.343805	1.68616	1.06196	2.02216
82.7314	1.86038	-0.27441	-0.239852	1.89574
54.3217	0.0031724	1.581	-1.13516	1.94631
76.5273	-2.08981	-0.730872	-0.530405	2.27658
25.4106	1.30509	-0.239377	-2.79303	3.09218
30.0809	1.44525	-0.34549	-2.5654	2.96469
46.85	1.14263	1.40778	-1.69967	2.48522
23.4257	-0.0020465	0.490377	-1.13181	1.23348
93.1521	-1.40602	0.623112	0.0846918	1.54024
114.266	0.444637	-2.30652	1.05891	2.57663
138.179	0.0168213	0.928832	1.03823	1.39318
81.9973	-1.28385	2.12617	-0.349182	2.50815
82.5868	-0.83067	1.27504	-0.197998	1.53458
99.8387	2.03072	-0.177711	0.353524	2.06891
116.029	-0.564122	-0.699431	0.438826	1
99.5061	1.12789	0.830844	0.234577	1.42037
126.724	-0.0213942	-0.967945	0.722279	1.20792
162.644	-0.360344	0.340525	1.58637	1.66204
28.5559	-0.215997	-0.774514	-1.47747	1.6821
32.3342	1.12142	-0.448934	-1.90826	2.25844
61.56	1.12247	1.66102	-1.08576	2.27987
71.8638	-1.42921	0.148676	-0.470665	1.51204
99.3221	2.39147	0.00367705	0.392566	2.42347
116.497	-2.89538	0.876545	1.50808	3.38022
55.3489	0.844181	1.01447	-0.912183	1.60433
60.3869	0.83374	0.576941	-0.576281	1.16623
124.906	0.431661	-2.17485	1.54712	2.70368
92.9562	-0.555855	-2.07277	0.110822	2.14887
136.734	-0.607723	1.56096	1.77965	2.44399
29.8988	-0.442989	-0.581899	-1.27188	1.46715
110.491	-1.4555	-0.44977	0.569319	1.62631
58.4039	1.59781	-1.42097	-1.31527	2.51039
112.996	0.0613452	-1.0258	0.436125	1.11635
56.3756	1.05612	1.02311	-0.977849	1.76588
47.7916	-0.567648	1.97955	-1.86784	2.78023
80.7233	0.933276	-0.365439	-0.163709	1.01555
146.34	0.0381794	-0.698742	1.05085	1.26253
145.361	0.69904	-0.705667	1.43774	1.74749
17.7913	-1.05625	-0.614536	-3.80811	3.99938
125.232	-1.21531	-0.704503	0.992105	1.71976
107.097	0.515612	-1.76267	0.564892	1.92144
124.734	-1.86746	0.963287	1.45685	2.5569
59.6941	1.61267	-1.76997	-1.39955	2.77349
132.959	0.136222	-0.944682	0.888773	1.30418
37.2713	-0.198162	1.04898	-1.40279	1.7628
162.981	-0.437287	-0.317948	1.76628	1.84717
133.348	1.42182	-0.243552	1.36166	1.98368
61.7492	-0.805799	-2.08581	-1.20151	2.53841
98.7405	-0.979782	1.56601	0.284005	1.86896
99.8542	-2.12168	-0.737231	0.390159	2.27975
133.974	-0.0880737	1.15224	1.11495	1.60578
105.928	-0.366828	1.74885	0.509944	1.85825
144.499	1.30563	0.106341	1.83644	2.25577
114.9	-0.435883	-2.31562	1.09373	2.59775
72.8312	-0.77868	2.87409	-0.919977	3.11658
151.023	-0.526042	-0.511257	1.32462	1.51418
118.652	3.52599	2.13125	2.2512	4.69497
89.6438	-2.28244	0.218075	-0.0142541	2.29288
76.725	0.909211	-1.99865	-0.518041	2.25602
147.099	-0.834896	-1.02306	2.04111	2.43102
77.1247	0.360443	-1.59659	-0.374127	1.67898
52.9233	-1.75166	0.916655	-1.49394	2.47798
152.49	0.880125	-0.202156	1.734	1.95505
81.1703	-0.989794	-0.852058	-0.202876	1.32169
115.069	0.775935	-1.78784	0.911671	2.15165
59.8556	-0.677877	-1.02404	-0.713165	1.42013
135.245	0.122956	-1.6856	1.70457	2.4004
86.7132	0.866455	-1.74614	-0.111945	1.95251
130.423	1.81505	0.342054	1.57318	2.42617
133.417	0.935256	0.0122482	0.885026	1.28768
65.1708	-1.77827	-0.193026	-0.827609	1.9709
167.444	-0.241594	0.153751	1.28577	1.31727
79.2575	1.28019	-0.650493	-0.272435	1.46159
63.8536	-0.108486	-1.4308	-0.704398	1.59848
140.758	-0.212371	-0.598357	0.777339	1.00369
132.374	-0.480916	-1.57561	1.50288	2.22991
83.0703	-1.48732	2.33859	-0.336843	2.79188
47.1246	-1.52376	-1.19871	-1.80005	2.64555
57.9331	1.83478	1.29632	-1.40743	2.65099
116.273	-1.54817	-1.87674	1.20098	2.71318
107.364	-0.441988	0.876861	0.30705	1.02884
101.697	-0.703217	1.01415	0.255514	1.26028
36.3221	-0.223658	0.721321	-1.02725	1.27498
76.7311	2.35439	0.502371	-0.567703	2.47342
46.7248	0.595983	-0.814171	-0.950003	1.38585
54.5783	0.622752	1.14012	-0.923971	1.59418
152.823	-0.418124	0.6702	1.53855	1.72949
39.8545	0.594076	1.12061	-1.51938	1.9792
58.5492	-1.90535	-0.724612	-1.24678	2.38953
59.9867	-1.17697	0.194653	-0.689124	1.37769
132.48	1.60494	-3.62716	3.63196	5.37804
62.3095	-0.44766	1.90824	-1.02864	2.21357
116.948	-1.01335	1.99275	1.13656	2.50793
108.809	2.22939	-1.43495	0.903009	2.80084
58.0938	1.85646	2.16999	-1.77798	3.364
128.523	-0.785498	2.54463	2.12006	3.40394
115.147	1.65275	-0.113627	0.777703	1.83011
124.901	-1.75867	0.479837	1.27178	2.22275
73.4861	-0.0748451	-1.45324	-0.431422	1.51777
28.1024	1.04595	0.197186	-1.9932	2.25959
41.9115	2.99955	1.10075	-3.55961	4.78329
64.5229	1.11525	0.4823	-0.578963	1.34596
31.4714	-0.843101	0.383195	-1.51295	1.77389
77.3147	-0.611087	-1.0875	-0.280785	1.27864
65.9325	-0.968842	-0.702652	-0.534548	1.31077
67.5969	1.54647	-0.518084	-0.672331	1.76409
71.097	0.579985	-1.80005	-0.647605	1.99899
159.144	-0.573019	-0.341797	1.75132	1.87411
41.7459	0.437972	1.41067	-1.65518	2.21843
79.4492	0.910476	-0.774622	-0.222653	1.21597
107.967	0.31111	1.82533	0.600445	1.94657
48.3445	1.23025	0.835267	-1.3228	1.99022
89.3851	-0.181046	-1.20971	-0.0131283	1.22325
59.7701	1.02624	0.47391	-0.658688	1.30829
107.977	-0.431603	-1.53365	0.516973	1.675
121.437	0.319215	1.66134	1.03412	1.98276
109.518	-2.12083	1.69072	0.961418	2.87764
119.603	3.39473	0.723815	1.97203	3.99212
66.4027	0.88854	1.27972	-0.680561	1.7001
104.211	-4.04584	-1.24669	1.07214	4.36721
93.0434	-1.96964	-0.506046	0.10812	2.03648
100.879	-0.590536	-2.6244	0.516999	2.73925
46.8264	-0.420321	0.722481	-0.784192	1.14613
171.377	0.0954124	0.324532	2.23049	2.25599
94.6466	1.09939	0.36424	0.0941314	1.16198
65.3168	-0.737735	0.884886	-0.529485	1.26792
113.93	-1.39973	-1.38319	0.873248	2.15291
99.048	0.570223	1.55783	0.264171	1.67982
143.345	-1.20757	-0.192954	1.64328	2.04837
136.602	-1.31188	1.26417	1.92672	2.65168
114.613	1.8191	-0.390513	0.85233	2.04648
66.877	1.05828	-1.89447	-0.92662	2.35958
73.9	2.52159	-0.923708	-0.775119	2.79508
122.276	0.850782	-0.423901	0.600343	1.12425
14.7353	-0.359751	-0.0405919	-1.37654	1.42335
136.648	-0.977089	-0.159833	1.04873	1.44225
54.3916	0.241931	1.38953	-1.01008	1.73482
129.258	-0.268049	1.93798	1.59893	2.52669
108.686	-0.0235706	1.56049	0.527822	1.64751
88.2586	3.0695	-0.725416	-0.0958946	3.15551
85.1785	0.918098	0.662991	-0.0955239	1.13648
52.3981	0.0826535	-0.93724	-0.724623	1.18757
18.1324	0.28711	-0.260452	-1.18373	1.24559
102.517	0.156424	1.88444	0.419811	1.93696
31.6097	0.704254	0.538937	-1.44094	1.69196
141.109	-0.52992	-0.912564	1.30821	1.68077
100.398	1.20513	-1.7691	0.392788	2.17631
114.667	1.51733	-3.09505	1.58302	3.7931
62.9085	-0.27799	-0.959042	-0.510781	1.12158
58.954	-1.64947	0.197193	-0.999977	1.93897
126.513	-1.89334	-1.24752	1.67855	2.8211
57.0189	-1.54629	2.26677	-1.78066	3.27109
42.4273	-0.768277	1.25988	-1.6145	2.18728
149.26	0.959457	-0.0553628	1.61603	1.88021
137.751	-1.29681	-0.425078	1.50249	2.02975
161.231	-0.230833	-0.6647	2.07055	2.18684
28.9616	-0.6339	-1.32383	-2.65211	3.03118
23.837	0.732155	0.225046	-1.73363	1.89531
113.36	0.175615	2.28141	0.988297	2.49247
114.513	0.963133	0.516725	0.498405	1.20127
162.037	-0.434989	-0.117273	1.38959	1.4608
96.3556	1.2462	1.92647	0.255559	2.30859
68.1393	-0.47116	-3.12486	-1.26787	3.40503
97.4444	-1.03529	0.0999982	0.135906	1.04895
69.9155	1.00885	-0.16262	-0.373637	1.08803
125.209	0.942101	0.759496	0.85394	1.48108
89.2797	-1.5457	-1.75556	-0.0294078	2.33924
46.7782	-0.618571	-0.868463	-1.00203	1.46319
62.5815	1.15828	0.872983	-0.752423	1.63397
143.347	0.805629	-0.843043	1.56712	1.95337
34.5389	-0.25408	1.22515	-1.81789	2.20686
149.882	-0.0597203	1.44797	2.49819	2.8881
117.382	0.974455	-2.51554	1.39727	3.03807
38.3834	-0.392802	-0.937041	-1.28269	1.63635
89.3406	-0.175278	-1.15122	-0.0134037	1.16456
119.075	1.08701	-0.799521	0.75028	1.54394
129.675	0.391082	1.25476	1.09017	1.70758
27.985	-0.498886	0.636999	-1.52267	1.72429
115.879	-0.830166	-0.810772	0.562933	1.28974
50.9835	-0.906523	-0.940661	-1.05851	1.68139
145.014	-0.416429	1.25951	1.89554	2.31363
91.9464	-0.982272	0.613645	0.0393598	1.15886
122.854	0.687071	0.935808	0.749728	1.38199
103.918	0.725088	-1.72847	0.464486	1.93109
92.3238	2.05208	0.0419328	0.08329	2.05419
139.405	0.345021	0.719688	0.931347	1.22654
113.581	1.56372	-0.00304433	0.682565	1.7062
143.872	-0.715414	0.457553	1.16336	1.44034
52.3559	-0.711969	-1.54938	-1.31522	2.15343
82.7572	1.64257	-1.81881	-0.311461	2.47045
130.262	0.25626	1.21465	1.05136	1.62678
106.907	1.29004	1.15233	0.525779	1.80791
47.1097	-1.62265	-1.09874	-1.8204	2.67472
62.5554	0.458371	-1.9337	-1.03208	2.23931
129.157	1.13852	-0.865099	1.16443	1.84405
44.0472	1.79687	-0.498076	-1.92769	2.68194
112.455	1.39372	-1.22962	0.768155	2.01109
147.035	0.323724	-1.15256	1.84592	2.20014
103.257	0.262053	-1.97142	0.468541	2.0432
69.1192	2.8155	-1.42551	-1.20388	3.37764
74.4647	0.729863	-0.979225	-0.339507	1.26761
60.9798	1.12867	1.33736	-0.970839	2.00124
28.5464	1.34935	0.153725	-2.49644	2.84193
138.291	0.0665056	-0.722367	0.813932	1.09029
116.921	0.121814	-1.31548	0.670846	1.48168
91.312	-1.28099	1.04508	0.0378631	1.65365
155.788	0.584408	0.0999534	1.31852	1.44569
82.098	-1.47874	-1.03108	-0.250213	1.82
31.1447	0.39172	0.572165	-1.14746	1.3407
64.0245	-1.19871	-0.159141	-0.589142	1.34511
134.446	-0.966518	-0.64547	1.13998	1.62799
118.813	-1.2145	-1.19706	0.937967	1.94621
55.9877	1.06873	-2.591	-1.89136	3.38122
144.698	-0.16202	0.772557	1.11476	1.36594
44.408	-0.908142	-2.2557	-2.48242	3.47495
129.585	1.45597	-0.0118329	1.20389	1.88927
120.592	-0.548981	2.04202	1.25015	2.45644
31.1234	-0.4629	-0.301515	-0.914942	1.06879
113.341	0.818528	1.01299	0.561981	1.41844
149.943	0.328849	0.747353	1.41096	1.63018
94.1976	0.121904	1.53771	0.11321	1.54668
58.8889	0.97151	-1.05636	-0.866132	1.67628
73.1513	0.914764	2.45581	-0.793648	2.73818
74.1101	-3.37273	-0.431237	-0.967918	3.53527
88.3048	-0.750534	-0.753322	-0.0314716	1.06385
91.7901	-0.882723	0.638895	0.034056	1.0902
99.6614	-1.47023	0.0755604	0.250622	1.49335
69.3715	-1.81644	-1.08517	-0.79652	2.26086
117.268	0.1012	1.05471	0.546124	1.19202
56.1654	-2.16808	0.363972	-1.47364	2.64663
93.3632	1.35698	0.203164	0.0806325	1.37447
140.448	1.1728	-0.222975	1.44555	1.87478
130.892	-1.59176	0.598468	1.47266	2.24957
87.1128	1.23237	0.365785	-0.0648338	1.28714
134.115	-0.125345	1.4749	1.43519	2.06175
69.2508	-3.04046	-1.44679	-1.27564	3.60068
142.548	-1.04102	-0.832053	1.73983	2.19159
175.676	-0.100466	-0.329041	4.55028	4.56327
49.0401	1.19297	0.0763106	-1.03768	1.58296
12.8569	0.289198	0.216078	-1.5817	1.62237
127.943	0.00330891	-2.76833	2.15841	3.51033
147.563	0.849743	0.298097	1.41698	1.67891
130.253	-0.458458	1.54519	1.36461	2.11186
138.1	-0.239384	-1.63632	1.84311	2.47626
127.326	-0.848913	-0.944387	0.968264	1.59689
91.8187	2.7457	-0.887191	0.0916201	2.88693
94.9588	-1.94757	-0.29551	0.170912	1.97726
105.928	-0.51227	0.957332	0.309856	1.12912
115.086	1.35113	-0.515368	0.676968	1.5967
54.6079	-1.23523	2.57773	-2.03077	3.50635
79.2194	1.06526	1.92901	-0.419588	2.24319
6.47502	0.111265	-0.270958	-2.58087	2.59744
87.6533	2.05119	-2.19247	-0.123042	3.0049
59.2783	0.244103	0.965165	-0.591628	1.15808
126.61	-0.917232	-0.79132	0.899992	1.50913
121.177	2.28216	-0.923802	1.4897	2.87765
19.2277	0.209702	-0.318262	-1.09278	1.15734
123.905	1.34017	-1.49645	1.35012	2.42038
123.712	1.7136	2.60233	2.07898	3.74576
109.159	0.193025	1.73989	0.608194	1.8532
77.8696	-1.55602	0.753349	-0.371582	1.76828
111.171	0.624393	1.98167	0.804689	2.2281
76.0223	0.523591	-2.18751	-0.559883	2.31793
98.8014	2.21048	-0.934866	0.371605	2.42864
139.331	0.762101	-0.103121	0.895078	1.18008
137.82	0.720678	0.17478	0.818422	1.10442
128.829	-0.168763	-0.858216	0.703957	1.12275
14.0547	-0.340734	-0.0229205	-1.36415	1.40624
32.516	-0.760098	-0.538632	-1.46141	1.73309
137.94	-0.339665	-1.05232	1.2255	1.65063
42.3498	1.08463	1.02832	-1.63969	2.21866
109.862	-0.939005	-3.8527	1.4325	4.21629
93.1996	-0.889	-1.93445	0.119011	2.13227
16.5949	-0.206894	0.379434	-1.45017	1.5132
88.6904	-2.40037	0.088016	-0.0549124	2.40261
118.663	-2.39205	-1.03406	1.42452	2.96993
119.744	0.863678	-0.60809	0.603561	1.21655
62.0951	1.09697	-0.953279	-0.769643	1.64451
127.482	-0.176957	1.61	1.24204	2.0411
65.5806	0.754855	-0.626477	-0.445383	1.07733
22.3223	0.193229	1.16029	-2.86486	3.09694
106.596	-0.453265	1.16815	0.373442	1.30747
68.9621	-0.0751756	1.3935	-0.536751	1.49519
58.7537	0.0710261	-1.30496	-0.792928	1.52863
52.3355	-1.88821	0.00933482	-1.45752	2.38533
89.2175	1.38227	-0.75195	-0.0214935	1.57371
66.4426	1.55282	-2.35873	-1.23127	3.08073
15.2144	-0.0696694	-0.613252	-2.26941	2.35184
77.5287	2.58266	-0.565368	-0.584731	2.70771
55.8166	0.451747	-1.49314	-1.0595	1.88576
119.338	0.233087	0.845282	0.49282	1.00583
87.4887	1.27291	0.98406	-0.070566	1.61048
52.1426	-0.158535	1.46296	-1.1438	1.86378
117.245	1.4428	0.890877	0.87316	1.90728
40.3314	-2.08996	-0.737654	-2.61049	3.42443
51.167	0.563087	-1.38614	-1.20435	1.92065
94.4508	1.21773	-0.499978	0.102464	1.32036
139.24	0.576113	0.927819	1.26705	1.67277
79.1788	-1.8644	1.1716	-0.420892	2.24183
162.862	-0.230809	-0.699203	2.38781	2.49876
88.0634	-0.546831	1.08328	-0.0410311	1.21417
119.796	-0.722905	-0.775279	0.606976	1.2215
23.7756	-0.496183	0.317871	-1.3376	1.46164
71.3998	-1.06756	2.26713	-0.843343	2.64401
148.274	-0.517469	-0.142428	0.868112	1.02063
28.4684	-0.515203	-0.649584	-1.52901	1.73933
31.3008	0.289594	-0.577161	-1.06202	1.24293
27.7242	0.352038	0.521709	-1.19755	1.35287
86.0069	1.88973	-0.731718	-0.14146	2.03138
95.6381	2.44619	-3.40215	0.413671	4.21065
21.7236	-0.586913	0.10527	-1.49659	1.611
34.1535	0.311139	-1.90038	-2.83852	3.43008
116.769	-0.0751047	1.36045	0.687334	1.52607
141.332	0.527385	0.881264	1.28338	1.64372
156.845	0.16462	1.37962	3.2488	3.53343
107.706	1.65546	1.39272	0.690662	2.27095
31.0256	0.899938	1.28826	-2.61271	3.04889
137.349	-0.71496	-0.2296	0.815174	1.10833
72.571	2.38526	-0.048942	-0.74898	2.50057
111.898	-0.210586	-3.35742	1.35216	3.62559
127.614	-2.43496	-1.31133	2.13087	3.49131
38.3473	1.21082	-2.43674	-3.43954	4.38569
74.2705	0.627475	-1.29908	-0.406321	1.49881
44.8204	-1.06482	-0.0395931	-1.07226	1.51167
69.9377	0.536917	-0.844193	-0.365374	1.0651
97.2902	1.13951	1.79167	0.271635	2.14064
69.6491	1.6474	1.61887	-0.856716	2.46346
137.678	-0.644268	0.487335	0.887102	1.1998
61.8864	-1.02004	1.10718	-0.804285	1.70681
128.635	0.648595	-0.744134	0.788999	1.2637
53.9987	-0.556032	-1.76174	-1.34228	2.28355
60.4938	-1.90562	-4.97518	-3.015	6.12161
114.103	-0.598363	-1.1036	0.561628	1.37528
149.929	-0.0105953	0.74583	1.28826	1.48862
99.6335	1.88824	-0.0259186	0.320539	1.91543
3.84237	0.131357	0.015321	-1.96906	1.9735
90.3882	0.529555	0.860057	0.0068432	1.01004
80.7696	-1.58667	0.211579	-0.260131	1.62171
70.338	-2.23148	0.38062	-0.808829	2.40386
38.5679	1.29052	-0.514684	-1.74243	2.22854
134.221	-1.00592	-2.90984	2.99616	4.29605
47.7943	0.457431	0.883605	-0.90238	1.34324
95.8135	1.28008	1.32219	0.18737	1.84983
37.2956	0.771099	-1.0299	-1.68915	2.12332
150.475	0.589312	-0.511469	1.37782	1.58343
21.43	-0.280203	0.591941	-1.66856	1.79248
59.7613	-1.74036	1.43422	-1.31459	2.61036
140.372	0.632736	-0.278192	0.834663	1.0837
100.23	0.553371	-1.79221	0.338506	1.906
78.8118	-0.864126	-2.36991	-0.498937	2.57141
164.956	0.160998	-0.50872	1.98531	2.05577
122.954	-0.860762	-0.342433	0.600535	1.104
62.2759	0.95032	0.264609	-0.51844	1.11441
117.159	-0.318363	-1.49007	0.781681	1.71251
77.2159	-0.869863	-0.704202	-0.253945	1.14763
111.401	-0.957096	2.74442	1.13914	3.12178
142.751	0.140496	0.82177	1.09641	1.37738
67.4432	-1.29147	2.79028	-1.27714	3.32936
21.7746	-0.164498	-0.925446	-2.35307	2.53386
96.5345	1.31682	-0.0707396	0.151054	1.32735
94.4295	-1.00761	-0.875843	0.103418	1.33906
37.4364	-1.16316	-1.47042	-2.44898	3.08425
47.4858	0.408031	-0.72125	-0.759712	1.12421
136.254	-0.500996	1.29437	1.45007	2.00726
69.187	2.35885	-2.64227	-1.3464	3.78927
119.423	0.0843846	1.01242	0.572984	1.16637
35.5515	0.612233	-1.40214	-2.14088	2.63139
55.0003	1.10314	2.87834	-2.15836	3.76302
170.282	0.0388905	-0.236652	1.40035	1.42073
144.695	-0.847265	0.162999	1.21833	1.49291
41.6178	1.10197	0.447279	-1.33868	1.79066
83.9714	-1.26438	-2.03235	-0.252782	2.40686
78.9585	-2.18727	-1.135	-0.480848	2.5107
141.413	0.933154	-0.295618	1.22677	1.56943
90.3674	1.99961	0.488365	0.0131998	2.05843
142.623	1.09208	1.42155	2.34661	2.95296
86.1244	-1.10441	-0.69041	-0.0882366	1.30544
137.9	-0.467404	-0.731718	0.960922	1.29509
124.2	0.264548	2.74982	1.87738	3.34007
131.518	-0.846961	0.130012	0.75858	1.14442
81.1199	-0.31934	1.73765	-0.276037	1.78819
139.378	1.16645	-0.401701	1.43826	1.89488
121.996	3.07612	-0.15137	1.9242	3.63153
91.5991	-1.76104	-0.574857	0.0517148	1.85321
14.2499	-0.489797	-0.259102	-2.18182	2.25108
125.045	0.934294	-1.79298	1.41802	2.46951
108.095	0.422979	1.58153	0.53492	1.72229
95.0502	1.40156	1.20461	0.163319	1.85529
73.7033	1.9682	0.0670805	-0.575754	2.05178
121.965	1.20301	1.4685	1.18462	2.23764
125.498	0.768072	0.691748	0.737241	1.26964
109.871	1.30996	1.08584	0.614945	1.8092
77.8088	2.1546	-0.0101503	-0.4655	2.20434
101.805	1.17692	0.289359	0.253299	1.23815
56.9497	0.960623	0.51564	-0.70939	1.30074
48.6767	1.68956	-0.00267086	-1.48553	2.24976
124.711	-1.02269	-0.25809	0.730662	1.28311
80.4245	0.4171	1.66908	-0.290229	1.74472
171.954	0.300895	0.0862177	2.21417	2.23619
44.8186	1.69808	0.17474	-1.71789	2.42181
104.082	0.182198	-2.5703	0.646364	2.65658
39.2484	-0.754986	-0.200421	-0.956116	1.23464
125.981	-0.320716	0.819552	0.638966	1.08757
146.524	0.126664	-0.765279	1.17299	1.40627
153.848	1.06914	-0.714119	2.61837	2.917
14.9925	-0.380365	-0.0224835	-1.42277	1.47291
98.4315	0.527445	-1.04676	0.173745	1.18495
47.9289	0.515888	0.792664	-0.85369	1.27407
115.315	0.156343	-1.46361	0.696261	1.62831
127.233	0.126488	1.49812	1.14253	1.88831
84.4101	-1.06224	4.78434	-0.479662	4.92426
64.3809	1.79147	0.522425	-0.894844	2.06955
35.1075	0.58624	0.376917	-0.991387	1.21185
128.207	-0.762328	0.970199	0.971217	1.57025
120.479	0.177046	-1.24454	0.739845	1.45863
16.136	0.259161	0.476775	-1.87567	1.95259
130.564	0.295881	2.0002	1.73081	2.66158
65.4664	-0.563694	0.760014	-0.431898	1.04015
119.615	1.0621	0.32424	0.631235	1.27735
28.7576	0.973264	0.213386	-1.8156	2.07103
76.947	0.0967623	-1.09257	-0.254296	1.12594
150.499	0.0632961	-0.580528	1.03214	1.18588
83.0961	1.2209	-1.15401	-0.203416	1.69225
114.859	1.51992	1.89609	1.12588	2.67823
122.128	0.877238	1.67644	1.18818	2.23423
48.7929	-0.549044	2.08494	-1.88793	2.86578
22.101	-0.24922	0.446335	-1.25887	1.35871
29.2072	-0.0793071	-1.01746	-1.82552	2.09142
114.257	0.710299	-1.89747	0.91298	2.22226
166.13	0.297046	-0.442364	2.1579	2.22272
100.926	0.366133	1.21575	0.245099	1.29313
44.2506	-0.42599	0.827418	-0.955306	1.33368
39.4157	0.0462534	-2.41053	-2.93353	3.79716
75.6076	2.15163	1.15917	-0.627172	2.5232
54.415	2.57758	0.398308	-1.86623	3.20709
112.85	-1.55942	-1.65241	0.957424	2.46555
43.2505	-1.74607	0.412315	-1.90714	2.61839
60.5391	1.28016	0.00674089	-0.723137	1.4703
36.138	-0.159928	-0.575387	-0.817823	1.01266
72.3026	-0.366347	-0.936445	-0.320862	1.05551
30.7533	0.00628224	2.32737	-3.91145	4.55149
56.1885	-1.40902	-1.78991	-1.52563	2.74165
116.652	-0.209421	1.00753	0.516487	1.1514
124.074	-1.06651	-0.00778317	0.721391	1.2876
44.9223	1.60756	-1.48029	-2.19123	3.09468
117.484	-0.0681439	1.01835	0.530939	1.15047
122.774	1.3214	-1.10076	1.10724	2.04542
96.8803	-1.38541	2.46996	0.341719	2.85251
83.76	-0.361237	4.40839	-0.483638	4.44953
53.5376	1.32663	1.13821	-1.29167	2.17345
147.069	0.388488	-1.3671	2.19426	2.61432
124.15	-0.317336	-1.50121	1.04079	1.85407
18.2287	0.627245	0.0947887	-1.92618	2.02796
135.16	1.58577	0.463034	1.66125	2.34282
96.3341	0.365528	-1.13711	0.132583	1.20175
58.2969	1.93493	-1.967	-1.70431	3.2431
125.462	0.549381	1.2323	0.961035	1.65649
103.839	-1.70174	-3.17584	0.887573	3.71075
72.5014	-0.991125	-0.380097	-0.334664	1.11302
93.3937	1.33978	0.548098	0.0858404	1.4501
43.7809	-0.878491	-0.910238	-1.32004	1.82833
163.961	0.397731	-0.363369	1.87397	1.94987
70.8976	0.134609	-1.0265	-0.358549	1.09562
123.127	2.58191	0.61236	1.73163	3.16856
63.3941	0.88079	-0.474842	-0.501208	1.11914
37.9232	0.63215	1.02702	-1.54785	1.9622
109.576	2.34751	0.246032	0.839361	2.50517
44.7948	0.733241	-1.0831	-1.31736	1.85639
85.4131	1.24363	-1.65661	-0.16619	2.07812
58.8168	-0.771385	-1.09921	-0.812729	1.56966
54.9854	-1.45882	-0.239967	-1.03577	1.80515
47.1559	1.26503	0.74547	-1.3618	2.00263
135.532	-0.9587	-1.49035	1.80526	2.52967
72.3821	1.35432	0.271971	-0.43867	1.44934
97.56	1.3871	2.19582	0.344698	2.62002
64.747	3.14179	1.4057	-1.62353	3.80561
80.4807	1.67801	0.960953	-0.324257	1.96069
120.037	-1.68455	-0.509265	1.01757	2.03286
140.588	-1.37703	0.235694	1.7001	2.20048
72.7198	-0.663181	-2.64898	-0.849494	2.85982
61.276	0.232785	-0.854613	-0.485416	1.01004
98.2463	0.0659979	2.22022	0.321911	2.24441
18.1581	-0.777855	0.58612	-2.96962	3.12526
130.832	-1.21769	-0.620249	1.18093	1.80612
78.9319	-3.9084	-2.40852	-0.898055	4.67794
76.6562	-1.09586	0.483877	-0.284148	1.23118
41.0628	-0.466848	1.84035	-2.17931	2.89037
95.0279	-1.05345	0.391008	0.0988599	1.12802
104.183	-1.29854	1.58087	0.517038	2.11013
74.4798	-2.63327	-0.0384602	-0.731348	2.73321
113.853	0.827832	-0.789222	0.505721	1.25057
82.3504	1.66783	0.549483	-0.235851	1.77179
50.6924	1.02588	-0.402928	-0.902358	1.42444
90.0957	-1.8174	-0.498874	0.00314884	1.88463
94.3912	-1.06146	1.21339	0.123799	1.6169
93.7754	-1.0597	-2.54821	0.182114	2.76577
30.5519	-0.191094	-1.06823	-1.83848	2.13486
29.6193	-1.30775	0.871185	-2.76393	3.17939
82.1538	-0.999048	0.128698	-0.138812	1.01682
64.1137	-0.670358	1.00979	-0.588181	1.34722
122.472	0.500669	-0.829409	0.616526	1.14834
106.371	0.982547	1.52456	0.532806	1.89038
88.5442	2.00448	0.949789	-0.0563728	2.21883
30.5541	0.141377	-0.682538	-1.18076	1.37115
106.168	1.95657	-0.48084	0.584122	2.09775
49.4122	1.69608	0.875379	-1.63522	2.51335
63.0274	1.24131	-0.994869	-0.809589	1.78495
141.853	2.10934	-1.30452	3.1577	4.01524
32.4472	0.339423	-0.651486	-1.15544	1.36919
58.2977	1.03896	0.802341	-0.810812	1.54292
109.167	0.76647	1.98886	0.740865	2.25653
95.6473	-0.453767	-1.90272	0.193427	1.96562
48.8275	-0.890098	-0.0836553	-0.781899	1.1877
90.6044	-1.83587	-0.568865	0.0202753	1.92209
81.7165	-2.23089	-0.748764	-0.342603	2.378
100.81	-1.22376	-0.189388	0.236456	1.2607
121.371	2.30439	0.175161	1.40908	2.70673
171.675	-0.159732	0.110258	1.3264	1.34053
147.741	0.610533	0.415499	1.17004	1.38362
100.536	-0.695933	1.1999	0.257991	1.4109
41.8014	1.20822	-0.153641	-1.36214	1.82724
123.743	-0.771702	-0.630363	0.665622	1.1983
47.6613	-0.779375	0.437551	-0.814399	1.20918
63.9739	-0.144649	0.938126	-0.463498	1.05633
68.5794	0.819567	0.977124	-0.500325	1.36996
114.281	-1.87096	0.0866016	0.84493	2.05473
24.7904	-0.782729	-1.33059	-3.34243	3.68171
51.5322	-0.921678	-0.209033	-0.750889	1.20707
59.5384	-0.749038	-0.706079	-0.605417	1.19421
85.0615	-1.41032	0.394459	-0.12654	1.4699
88.0215	-0.0619116	2.32398	-0.0803132	2.3262
89.2954	-1.01127	1.00233	-0.0175107	1.42396
127.914	1.54921	0.0928216	1.20879	1.96719
91.9095	0.0496858	2.02835	0.0676445	2.03008
66.7093	-2.74601	1.46855	-1.34052	3.39031
98.5223	-0.188828	-1.17929	0.178965	1.20764
146.994	0.398113	-0.642085	1.1631	1.38693
129.757	1.13125	0.180152	0.952932	1.49005
49.8939	-1.06867	1.41203	-1.49151	2.31528
107.338	-1.21278	-0.671261	0.432735	1.45213
71.4207	-1.63323	-0.316273	-0.559187	1.75504
87.1513	-1.51859	-1.06683	-0.0923492	1.85817
107.377	1.75421	-0.284639	0.556151	1.86214
49.7237	0.853354	0.555359	-0.862735	1.33452
57.7674	0.793197	-1.47281	-1.05476	1.97759
31.9411	0.359091	1.01509	-1.72709	2.03524
144.669	1.14962	0.14744	1.6351	2.00422
51.2805	-0.798176	0.459568	-0.738396	1.18047
118.184	-0.857493	0.783364	0.622348	1.31768
148.21	-0.538834	-0.438426	1.12083	1.31865
18.0033	0.186089	-0.408229	-1.38051	1.45158
71.8415	-1.52642	1.31929	-0.661717	2.12329
103.231	-0.224139	1.68137	0.398804	1.7425
142.637	-1.10546	-0.919468	1.88319	2.36936
99.6359	1.58883	-0.748948	0.298223	1.78164
28.3352	0.265378	-0.495451	-1.0423	1.18418
86.7238	0.319668	-1.5003	-0.0878106	1.53649
113.388	1.41082	0.459333	0.641682	1.61652
107.202	0.550878	-1.55417	0.510499	1.72612
86.6661	-1.2203	1.40355	-0.108345	1.86302
75.8418	-0.765249	-1.24381	-0.368397	1.50611
53.512	-0.932323	0.814146	-0.915495	1.53954
101.831	-1.94774	-2.05929	0.593735	2.89601
20.0218	-0.11843	0.476263	-1.34678	1.43341
94.665	2.0445	1.28356	0.196983	2.42205
124.517	-0.766715	-0.594737	0.66732	1.17766
73.9244	-0.166419	1.42412	-0.413188	1.49216
81.0059	-0.0436982	-1.58045	-0.250249	1.60074
111.024	1.23886	1.43799	0.729522	2.03342
76.5325	1.06985	-0.0848792	-0.25701	1.10355
78.1202	-0.738414	0.858108	-0.238151	1.15686
74.5765	0.732364	1.34675	-0.422936	1.59027
66.7636	1.37817	1.75678	-0.95868	2.42996
166.43	-0.429007	-0.650517	3.22832	3.32103
83.289	0.110349	1.37546	-0.162366	1.3894
57.6175	-0.547965	1.17686	-0.823294	1.53723
120.186	1.23459	0.0734001	0.719425	1.43079
51.0881	1.28105	1.09469	-1.36025	2.16558
146.721	-1.3066	-0.282072	2.03654	2.43603
87.5601	-1.17487	-2.26483	-0.108718	2.55374
102.943	-0.700093	-0.737033	0.233619	1.04304
107.515	0.348721	1.0764	0.357078	1.18649
91.3658	-0.704495	3.7282	0.0904611	3.79526
150.965	-0.39568	0.765397	1.55219	1.7753
135.673	1.48772	0.297409	1.5532	2.17122
58.6777	-0.413955	0.834692	-0.566982	1.09066
158.838	0.44219	0.118772	1.18276	1.26829
31.2643	0.004751	0.57531	-0.947582	1.10856
104.489	2.12833	0.263154	0.554168	2.21498
49.9384	1.2512	-0.958746	-1.32556	2.05957
114.33	0.373822	1.89984	0.87549	2.125
129.389	0.470242	0.807796	0.767469	1.20941
40.8793	-0.2217	-1.08802	-1.28279	1.69661
44.8197	0.49892	0.7023	-0.866918	1.22217
12.2814	0.34477	-0.00458938	-1.58386	1.62096
98.5239	-2.19902	-0.0292638	0.329613	2.22378
153.345	0.588144	-0.794075	1.96862	2.20271
71.3701	-1.88353	1.01198	-0.720818	2.25641
112.262	-0.972444	-2.33814	1.0366	2.73626
125.341	-1.08107	0.139797	0.772974	1.33631
120.775	-0.166463	1.2144	0.729959	1.42664
109.913	1.70824	1.23265	0.76308	2.24049
69.8041	1.81624	-0.460589	-0.689247	1.99648
152.857	-0.455259	-0.368076	1.14195	1.28327
48.2178	1.22374	0.582277	-1.21094	1.8174
121.243	0.279003	1.57233	0.968733	1.86775
119.703	-1.9335	-0.709738	1.17494	2.37121
159.595	-0.327009	0.357839	1.30308	1.39032
108.125	2.21852	-0.927486	0.787096	2.53014
138.11	1.24445	-0.785805	1.64089	2.20423
150.244	-1.08898	0.484189	2.08467	2.40128
87.9737	0.5676	2.85732	-0.10307	2.91497
90.9831	0.419435	1.23698	0.0224132	1.30635
101.547	1.83813	-0.0559346	0.375708	1.87697
11.5924	0.0834147	0.471925	-2.33626	2.38491
18.6496	-0.429739	0.136611	-1.33608	1.41012
97.0276	0.502611	1.7526	0.224758	1.83705
91.2383	-1.67831	-1.35676	0.0466477	2.15863
159.793	0.493054	0.220598	1.46755	1.5638
26.5493	-0.751304	-0.265705	-1.59491	1.78291
134.958	-1.31674	0.501072	1.4068	1.99097
51.0482	-0.466367	1.83872	-1.53347	2.43925
70.6472	1.36756	0.570923	-0.520503	1.5707
123.596	-0.946096	0.908519	0.871333	1.57471
118.084	1.97558	1.58121	1.35022	2.86814
66.5263	-1.8442	-0.272171	-0.809553	2.03237
79.527	0.89184	-0.599512	-0.198643	1.09282
10.9763	0.776701	0.274977	-4.2482	4.32736
81.3583	0.324569	-1.20208	-0.189236	1.25942
98.6422	1.73923	-0.934406	0.30008	1.99702
32.9095	0.00520522	0.728214	-1.12527	1.34036
56.0432	-0.120547	-1.27987	-0.865692	1.54984
131.891	1.25141	0.573843	1.23486	1.84938
79.3971	-1.09176	0.0267921	-0.204437	1.11106
116.277	-0.851267	-8.15245	4.04709	9.14145
117.955	-1.1381	1.16896	0.865842	1.84701
93.6847	2.83411	0.281511	0.183413	2.85396
88.4965	-1.29205	0.801395	-0.0399076	1.52093
116.754	2.27321	-1.39652	1.34494	2.98774
52.6194	-0.763451	-0.495512	-0.695382	1.1454
83.1357	-0.769797	-1.30872	-0.182778	1.52929
55.0707	1.10191	1.01933	-1.04831	1.8309
68.2881	0.790098	0.716055	-0.424589	1.14772
48.8684	0.752983	-1.06404	-1.1384	1.73064
165.12	0.348458	0.0125385	1.31225	1.35778
71.9872	-0.545548	1.41293	-0.492495	1.59266
70.2118	-1.89953	-0.364406	-0.695896	2.05555
97.39	2.18413	0.924199	0.307598	2.39148
24.5942	-0.981628	0.943423	-2.97453	3.27131
151.417	0.669384	-0.813534	1.93363	2.20201
146.224	0.649084	-2.12564	3.32299	3.99774
47.1918	-0.0465922	-1.30431	-1.20892	1.77901
102.214	-0.397731	-1.37054	0.308922	1.46014
92.347	1.54748	0.125395	0.0636319	1.55385
57.1442	-1.82992	-0.116197	-1.18421	2.18277
101.624	-1.22323	-0.544013	0.275395	1.36678
91.0021	1.03751	2.17768	0.0421912	2.41257
149.832	1.20603	0.19659	2.10225	2.43159
143.283	-0.627038	0.36681	0.973993	1.21507
139.582	0.825101	-0.578498	1.18329	1.55423
116.888	0.334191	-1.65329	0.855298	1.89119
148.177	-0.0756347	0.995333	1.60849	1.89305
103.923	1.60013	0.976156	0.464647	1.93111
136.836	-1.498	1.04207	1.94565	2.66748
68.1282	-0.647198	-0.791226	-0.41034	1.10149
80.6454	0.710835	1.32669	-0.247946	1.52541
35.3081	-1.59352	-0.898579	-2.583	3.16523
89.9393	-0.115777	1.61519	-0.00171652	1.61933
73.8573	1.88154	0.0327249	-0.54468	1.95907
127.811	-0.317408	0.83563	0.693637	1.13144
107.492	1.21419	0.332822	0.396771	1.32002
136.836	-0.398603	-0.692385	0.851832	1.16786
128.322	0.915671	-0.253927	0.751038	1.21119
49.2983	1.73395	-1.44686	-1.94257	2.97886
101.252	0.175774	3.00808	0.599478	3.07226
11.9906	0.12979	0.333208	-1.68371	1.72126
89.2713	-0.00867811	2.5618	-0.0325832	2.56202
106.821	0.0170512	-1.15759	0.350008	1.20947
165.607	-0.024418	0.332424	1.29887	1.34096
57.4867	0.854915	1.01968	-0.848151	1.57797
164.161	0.38994	-0.341986	1.82813	1.90028
99.7401	1.71525	-0.985444	0.33956	2.00711
81.6017	-1.99584	-0.306685	-0.29812	2.04115
103.602	-1.94938	-1.03482	0.534019	2.27071
107.419	2.14764	-0.53973	0.694751	2.32085
32.5638	-0.639408	0.181863	-1.04092	1.23508
145.615	0.0202275	-0.795206	1.16242	1.40854
39.7027	-0.911421	0.000532626	-1.09771	1.42676
135.993	-0.813518	-0.894622	1.25183	1.74047
58.6325	0.292922	-1.54093	-0.956209	1.83701
10.9238	-0.182525	-0.244651	-1.58153	1.61072
127.952	-0.772468	-0.836533	0.888079	1.44401
114.078	-0.698606	1.07761	0.57389	1.40664
97.1876	-0.210167	0.992548	0.127944	1.02259
144.36	-0.0948819	0.61113	0.862567	1.06137
75.7215	1.02161	-0.385534	-0.277895	1.12674
25.6736	0.709583	0.434073	-1.73044	1.91998
155.935	0.3972	-1.15074	2.72589	2.98537
97.5392	2.66867	-4.26403	0.665748	5.07414
85.6439	-0.0109816	1.99082	-0.151655	1.99661
160.33	-0.5838	0.508847	2.1665	2.30075
80.6433	-1.55462	-0.0286119	-0.256202	1.57585
166.247	0.278979	-0.396667	1.98135	2.03983
29.6713	0.380972	0.954457	-1.80382	2.07603
155.135	1.04624	0.308596	2.35369	2.59416
35.2006	0.900932	-0.667331	-1.58931	1.94497
137.864	1.65963	1.27797	2.31524	3.12217
60.4635	0.651317	0.762068	-0.568018	1.15222
111.943	-1.42732	0.259367	0.584434	1.564
60.4193	-1.09567	0.625343	-0.716106	1.45064
89.7146	-1.51527	0.814991	-0.00857213	1.72056
115.153	-0.0487636	1.24647	0.58574	1.3781
8.93648	-0.182374	0.102052	-1.32902	1.34535
61.7409	-1.29805	-0.485924	-0.745021	1.57357
74.0431	-1.59252	0.383529	-0.468371	1.7037
28.0025	-0.541867	0.286929	-1.15304	1.30593
101.898	0.77654	-1.38327	0.334233	1.62116
4.52104	0.0262217	0.0764236	-1.02183	1.02501
136.938	-0.49219	-0.938946	1.13437	1.55263
70.5503	-1.03473	1.13563	-0.542525	1.62931
51.7942	-0.0371199	2.8336	-2.23048	3.60634
75.1618	-0.880097	-1.44887	-0.449108	1.75371
29.3367	0.0421812	0.502517	-0.897276	1.02927
98.9043	1.0446	-0.865682	0.212554	1.37323
25.868	0.308361	-0.816963	-1.80089	2.00143
44.234	-1.03722	0.710174	-1.29112	1.80199
37.2889	-0.210032	-0.56834	-0.795686	1.00012
177.669	0.0688849	-0.0185713	1.75271	1.75416
104.75	2.03022	0.18314	0.536683	2.10793
86.262	-1.01525	0.191782	-0.0675022	1.03541
145.863	-1.12661	-0.795441	2.03415	2.45759
80.9369	-2.95854	-0.589808	-0.481214	3.05489
46.7306	-1.59304	-1.58114	-2.11285	3.08251
128.897	-0.330067	-0.887564	0.764009	1.21673
107.212	1.97715	-0.301345	0.619549	2.09375
77.4203	-2.11749	0.415569	-0.481541	2.21096
75.9694	-2.26562	1.51289	-0.680791	2.80809
160.735	0.377868	0.0113779	1.08165	1.14581
93.6689	-1.16467	-0.0748869	0.074834	1.16947
89.2406	-0.744949	-1.13482	-0.017994	1.3576
102.999	0.393492	-1.3342	0.321108	1.42759
76.0584	-0.15554	-1.43387	-0.358041	1.48606
154.647	0.676497	0.0820285	1.43815	1.59143
131.615	-1.28487	1.14858	1.53089	2.30516
133.281	-0.712666	-2.4171	2.37309	3.46148
119.135	-1.03339	1.0837	0.834662	1.71434
123.623	2.231	-0.972582	1.61843	2.92277
80.7398	-2.5334	-0.488002	-0.420646	2.61404
66.9789	0.0748871	-1.57299	-0.669137	1.71104
125.119	0.243764	0.938909	0.682234	1.18592
168.235	-0.229197	-0.210847	1.49534	1.52743
66.6133	-1.35922	1.24442	-0.79696	2.00779
166.667	-0.259771	0.922358	4.0432	4.1552
95.4395	-1.0002	0.930735	0.1301	1.37244
80.1756	0.0117618	1.42202	-0.246259	1.44324
110.7	0.882207	-3.01072	1.18551	3.35382
97.4366	0.965466	2.06779	0.29787	2.30143
43.6891	0.801917	1.49891	-1.77957	2.46103
64.3425	-1.57484	-2.65653	-1.48345	3.42606
46.7625	-0.148141	0.816281	-0.780084	1.13877
29.0231	0.371656	0.673171	-1.38591	1.58494
61.3457	0.346434	-1.68537	-0.940224	1.96075
79.0777	-0.83419	-1.77735	-0.378879	1.9996
138.111	1.36747	-1.21059	2.03628	2.73531
90.726	2.85281	1.28849	0.0396658	3.13054
107.83	-1.17917	0.145619	0.382149	1.24807
107.962	0.575794	-1.15948	0.419691	1.36091
69.8379	0.835798	-1.20122	-0.537322	1.55891
125.088	-0.542452	0.619611	0.578508	1.0064
51.0223	-0.778043	1.15667	-1.12794	1.79317
9.2743	-0.438704	-0.544242	-4.28084	4.33754
129.155	-0.128846	-1.29853	1.06256	1.6828
56.621	1.06294	-1.56103	-1.24428	2.26161
53.8025	2.45601	0.0312687	-1.7975	3.04368
34.1089	1.09018	0.345185	-1.68842	2.03922
109.036	1.43835	-0.595688	0.53716	1.64688
62.36	0.688231	-1.58661	-0.905672	1.95224
51.4102	-1.57404	0.574626	-1.33716	2.14378
121.824	-1.18508	1.6016	1.23646	2.34486
130.395	1.04591	0.203424	0.906674	1.39906
138.059	0.851256	-0.416589	1.05473	1.41797
113.711	-1.38326	-1.71139	0.966449	2.4034
50.0021	1.24116	0.368219	-1.08624	1.68996
26.1007	-0.727628	-0.644161	-1.98362	2.20888
122.299	-1.15138	-1.90473	1.40697	2.6331
112.904	0.373408	-1.20295	0.532158	1.36738
93.2835	1.28649	-0.0701604	0.0739172	1.29052
132.416	0.833512	-0.934429	1.14403	1.69608
54.9641	1.15716	-0.306836	-0.839372	1.46209
135.517	0.796586	-0.54026	0.980045	1.37365
79.4993	-0.7102	-2.62671	-0.50435	2.76738
63.6639	-0.397546	2.36434	-1.18681	2.6752
123.403	0.504551	-0.715088	0.577127	1.04833
76.9424	-0.502252	2.9231	-0.687883	3.04466
131.658	0.647085	1.11319	1.14552	1.7234
89.264	1.64485	-1.19499	-0.026118	2.03327
163.952	0.700926	-0.178338	2.51441	2.61636
49.4922	0.126415	-2.35226	-2.01247	3.09825
70.9011	2.03828	-0.908805	-0.772754	2.36171
90.7646	0.226286	1.10874	0.0151013	1.13169
7.11724	-0.0229128	0.183713	-1.48273	1.49424
60.5574	0.213342	-1.36228	-0.778311	1.58338
98.4561	0.945115	0.53213	0.161247	1.09654
78.9719	0.369384	-1.48654	-0.298522	1.56056
105.211	1.51536	1.34881	0.551617	2.10235
146.458	0.818877	0.585643	1.51861	1.82201
152.851	1.02226	-0.819201	2.55456	2.87087
105.285	2.64489	-2.0132	0.908356	3.4458
12.2845	-0.13401	-0.625851	-2.93929	3.00817
49.6387	-0.0672447	2.33194	-1.98274	3.06166
111.677	-0.689693	0.927115	0.459296	1.24345
113.796	-0.0993307	1.24047	0.548769	1.36006
52.6631	-0.253193	1.65327	-1.27584	2.10361
136.308	-0.763153	0.364843	0.885413	1.22453
75.471	-0.719346	-1.56484	-0.44634	1.77916
144.524	-1.67718	-0.204022	2.37071	2.91115
93.2041	0.656923	3.22927	0.18448	3.30057
41.4729	0.603254	0.617593	-0.976746	1.3036
140.508	-0.603345	0.387256	0.869954	1.1273
100.001	1.37462	0.415397	0.253228	1.45817
120.196	-1.22123	-0.699243	0.818908	1.62817
160.232	0.238253	0.626879	1.86606	1.9829
32.0704	1.00524	-0.387666	-1.71949	2.02915
161.462	-0.306974	0.368292	1.42978	1.50803
59.8548	0.491191	0.928143	-0.609831	1.21434
27.5007	-0.45301	-0.341298	-1.08953	1.22832
78.6592	1.20608	-1.77484	-0.430373	2.18859
118.581	-1.37939	2.14719	1.39032	2.90622
20.8481	-1.04652	-0.27222	-2.83949	3.03843
98.961	0.419639	-3.25175	0.517008	3.31923
48.8074	-0.468453	-1.66448	-1.51336	2.29786
95.4255	-1.12176	1.02937	0.1446	1.52934
49.939	0.709381	1.73694	-1.57774	2.45142
98.646	1.49761	-2.57072	0.452389	3.00933
115.98	0.682353	0.686767	0.471765	1.07695
130.304	-1.31755	-0.0907695	1.12018	1.73176
68.0392	-0.314668	1.81119	-0.741266	1.98214
120.834	1.42223	-2.70308	1.82322	3.55718
36.6977	-2.54607	0.373602	-3.45269	4.30618
60.5515	-1.0411	-0.876874	-0.768503	1.56314
26.6286	0.706065	-0.313235	-1.54058	1.72338
116.882	1.2713	-1.42694	0.968815	2.14265
102.956	-0.639239	2.10034	0.505102	2.25282
52.344	0.350725	-1.12092	-0.906327	1.48355
72.6921	1.07589	-0.960088	-0.449345	1.51037
67.9393	0.355335	1.58517	-0.658346	1.75284
49.7003	1.26313	-1.67488	-1.77903	2.75058
92.4447	-1.09492	0.0572124	0.0468094	1.09741
130.38	0.427501	-2.16178	1.87409	2.89279
154.457	0.389216	0.266989	0.987615	1.0946
94.7326	1.13942	-0.278762	0.0971128	1.17704
54.5865	1.03432	0.140417	-0.742168	1.28076
126.226	-1.21529	0.360205	0.928602	1.5713
96.6427	-0.342376	-1.37228	0.164714	1.42391
28.5122	0.367606	0.916089	-1.81708	2.06788
112.671	0.760539	1.1814	0.586914	1.52269
157.12	-0.816505	-0.579379	2.37242	2.57502
97.2621	2.0251	-0.366389	0.262248	2.07462
147.507	-0.501099	0.630967	1.26509	1.49989
170.161	0.217289	0.656608	3.98786	4.04739
59.6578	1.16503	1.57285	-1.14571	2.26799
134.466	0.455503	-0.73453	0.848349	1.21108
121.763	1.26262	-1.79446	1.35848	2.58065
161.155	-1.03732	-0.178267	3.08386	3.25853
57.9366	-0.733319	2.20578	-1.45608	2.74288
75.5755	-0.812389	0.641611	-0.266266	1.0689
139.899	0.40732	-0.654363	0.915298	1.19661
26.0026	-1.60219	0.0455552	-3.28592	3.65601
45.188	-0.842808	1.0172	-1.31235	1.86206
122.093	0.0919798	-1.13785	0.715915	1.34748
62.5224	-0.329427	1.36131	-0.728412	1.57869
143.058	0.510135	0.520704	0.969379	1.21287
87.001	2.44553	1.60647	-0.153292	2.92999
160.145	-0.258903	-0.31058	1.11969	1.19046
93.0269	-1.203	0.0569372	0.0636831	1.20603
49.7273	1.29594	-0.688378	-1.24326	1.92329
48.4215	1.54666	1.18334	-1.72769	2.60334
36.068	-0.68324	-0.055291	-0.941124	1.1643
55.928	-1.10646	0.35694	-0.786317	1.40355
138.626	-0.328103	1.15497	1.36313	1.81652
56.2022	-1.0576	-1.57353	-1.2691	2.28148
95.2895	-0.644663	-0.807586	0.0956682	1.03776
30.5641	0.383318	0.473402	-1.03146	1.1979
115.935	-0.638744	1.06667	0.604651	1.38253
66.8164	-0.626707	1.85733	-0.839485	2.13241
113.16	1.42668	-0.120119	0.612453	1.55722
79.9505	-1.04595	-0.878147	-0.242028	1.38699
136.222	1.10609	-0.585578	1.3061	1.80893
143.315	-1.12883	0.0672869	1.51796	1.89288
161.153	0.661795	1.18271	3.97031	4.19525
60.7867	0.988548	-0.619643	-0.652401	1.33672
124.986	1.09837	1.03567	1.05654	1.84264
149.814	-0.167561	1.01286	1.76493	2.0418
10.3424	0.564942	0.202687	-3.28886	3.34317
79.612	-0.334558	3.82483	-0.703841	3.90341
108.138	2.23633	0.0115064	0.732592	2.35329
147.127	-1.82877	-1.3737	3.53916	4.21392
142.061	-0.797352	0.399097	1.14377	1.45026
81.2616	-0.817795	2.58695	-0.417028	2.745
150.356	0.820346	-0.207164	1.48674	1.71064
96.2242	-1.86279	0.303335	0.205833	1.89851
77.233	1.90732	-0.229979	-0.435309	1.96984
60.6433	2.64829	-0.0946684	-1.49055	3.04042
134.16	2.79465	1.1589	2.93799	4.21722
117.782	-2.88183	-1.68437	1.75857	3.77288
57.9419	-0.813886	1.29124	-0.955915	1.80096
107.805	-1.39443	1.70531	0.70745	2.31366
150.721	1.08963	-0.2129	1.98013	2.27014
37.6617	0.129635	-1.39308	-1.81273	2.28986
98.9517	0.10304	-1.0197	0.161441	1.03753
63.2227	1.12062	-0.556714	-0.631448	1.40159
100.745	-0.322176	1.39412	0.271519	1.45639
73.3151	1.15228	1.14665	-0.487236	1.69704
119.17	-0.680467	1.13425	0.738335	1.51483
51.3534	-0.142068	1.21832	-0.980793	1.57049
111.4	-3.70486	-0.115351	1.45261	3.98112
80.1564	0.829025	0.543378	-0.171992	1.00604
50.6231	-0.101024	-0.985075	-0.812727	1.28106
49.0465	0.426488	0.818439	-0.800947	1.22199
65.193	0.586392	1.83767	-0.891591	2.12505
35.9325	0.852039	-0.98541	-1.79745	2.21987
19.2417	-0.857902	0.201458	-2.52465	2.67403
121.051	-0.384151	0.826567	0.548765	1.06392
72.5923	1.1149	-0.445798	-0.376461	1.25836
126.317	-1.36604	0.291058	1.02663	1.73342
116.818	-1.35569	-1.4284	0.995547	2.20666
37.8672	0.290706	-0.860325	-1.1679	1.47941
86.1366	-2.79951	0.224818	-0.189664	2.81492
42.5268	-1.02834	-0.874582	-1.47183	1.99716
46.5183	0.663253	-1.39518	-1.46503	2.12903
84.5976	-1.52392	-1.22919	-0.185158	1.9666
162.859	-0.0337783	-0.416128	1.35367	1.41659
34.8213	-1.9578	1.148	-3.26288	3.97458
59.7843	0.113992	-1.67244	-0.976255	1.93988
65.3585	-1.77168	0.523244	-0.847394	2.03242
125.349	1.03738	-0.271817	0.760675	1.31479
73.9611	2.17558	-0.0174994	-0.625457	2.26377
130.424	-0.526586	0.830015	0.837288	1.29123
23.7149	-0.14211	-0.622661	-1.45391	1.588
68.9433	1.62778	-1.40201	-0.827105	2.30204
22.6838	-0.932937	-0.0444498	-2.23456	2.4219
74.0834	0.167498	1.13451	-0.327037	1.19253
62.0656	0.455282	2.48649	-1.34036	2.86121
69.2467	0.170641	0.975425	-0.375234	1.05895
34.0702	1.67072	0.512997	-2.58425	3.11975
121.943	1.7075	2.54654	1.9116	3.61312
94.6452	-0.989312	-0.462771	0.0887433	1.0958
110.884	-1.46225	-0.391252	0.577537	1.62013
52.0994	-1.61902	0.331186	-1.2865	2.09427
93.8613	1.85806	-0.542822	0.130649	1.94013
69.8099	2.54697	0.188035	-0.939153	2.7211
143.494	-0.278155	0.86599	1.22892	1.5289
93.516	-2.01041	0.788916	0.132695	2.16373
91.6707	0.41146	-1.05947	0.0331496	1.13705
86.6666	-1.40146	0.849503	-0.0954532	1.6416
24.4914	0.801558	0.17313	-1.80014	1.97812
53.6115	0.896199	0.0184338	-0.660597	1.11351
38.2498	-0.224049	0.977917	-1.27263	1.62053
15.0939	0.711484	0.396865	-3.02064	3.12857
155.756	0.0812695	0.52321	1.17576	1.28949
79.1174	0.189252	1.35601	-0.263227	1.39423
106.569	2.31363	0.883153	0.736794	2.58374
64.3417	-0.331172	-0.992993	-0.502834	1.16127
65.5567	0.555189	1.5909	-0.765883	1.85089
98.5981	0.14475	1.04874	0.160074	1.07071
167.531	-0.315772	0.277097	1.89984	1.94574
107.217	-2.34278	1.1826	0.813204	2.74744
118.887	-2.08665	-0.5093	1.18505	2.45313
118.694	1.86019	1.4075	1.2768	2.65925
77.8458	0.44406	-0.949082	-0.225673	1.07186
88.5012	1.23723	0.530751	-0.0352252	1.34673
160.266	-0.210866	0.422242	1.3157	1.39779
73.962	0.958756	-1.48857	-0.508987	1.84232
132.86	-0.47249	-0.778551	0.845096	1.24241
123.742	1.27903	-1.14517	1.14677	2.06456
103.675	2.2872	-0.538677	0.57174	2.41834
97.7513	1.39954	-2.63845	0.406537	3.0142
91.4037	-0.665724	-2.03036	0.052357	2.13735
153.715	-1.86184	-0.410382	3.86017	4.30532
88.2229	-0.466086	-1.03504	-0.0352199	1.13569
120.683	-1.10919	1.20529	0.971896	1.90463
74.2395	-0.090834	3.04648	-0.860181	3.16689
60.699	-1.37074	1.57463	-1.17159	2.39395
111.143	-1.35231	2.76624	1.19077	3.30133
100.249	-3.99854	0.662456	0.732815	4.11877
119.092	-1.51448	0.119536	0.845274	1.73851
93.7415	0.93593	1.54656	0.118215	1.81157
139.871	-0.824125	-1.53688	2.06879	2.70575
85.3815	-0.46886	-1.00955	-0.0899222	1.11674
60.2878	1.94991	-1.15713	-1.29395	2.61063
38.8577	-1.07603	-0.791669	-1.65809	2.12928
108.459	-0.781496	-0.559614	0.320851	1.01334
168.502	-0.00277636	-0.280625	1.37967	1.40793
178.754	0.00220786	0.0346028	1.59419	1.59457
109.617	0.249904	-1.75337	0.631241	1.88022
94.849	-0.924197	1.16047	0.125852	1.48885
70.0328	-0.329461	1.72792	-0.639102	1.87155
54.589	-1.39687	0.0394899	-0.993505	1.7146
77.0433	-1.32016	-2.73714	-0.699163	3.11826
26.047	0.148667	0.749994	-1.56438	1.74123
19.6408	0.37397	0.525948	-1.80828	1.91998
