123.523	0.231022	-1.12447	0.760465	1.37699
36.2527	0.7921	-2.53725	-3.62473	4.49485
38.1276	-0.340768	0.562038	-0.837422	1.06456
116.48	-0.406617	-1.98661	1.01014	2.26546
123.777	1.51564	-0.418892	1.05176	1.89178
72.0832	-0.137063	-1.9719	-0.639083	2.07741
41.719	0.511847	-0.804868	-1.06985	1.43331
110.078	0.747133	1.14997	0.501264	1.46011
86.7369	2.04509	0.668452	-0.122671	2.15506
144.721	0.844839	-0.931793	1.77781	2.17775
122.424	1.4032	-0.0627567	0.892224	1.66403
57.2186	-0.877183	0.242435	-0.586081	1.08246
67.2314	1.71025	0.154615	-0.720749	1.86235
72.5679	0.953405	0.262151	-0.310477	1.03639
10.1512	0.194031	-0.287144	-1.93552	1.9663
88.5294	1.24742	-0.697235	-0.0366868	1.42953
54.9708	1.18438	1.36794	-1.26835	2.20969
126.555	0.345519	-1.20536	0.929705	1.56097
73.1271	0.983854	0.884979	-0.401371	1.38284
150.312	0.772816	0.467887	1.5846	1.82404
166.913	0.29038	-0.0485676	1.26649	1.30026
127.256	0.565704	2.01152	1.58926	2.62525
12.3383	-0.167839	0.168997	-1.0889	1.11464
47.6454	-0.147656	1.78636	-1.63413	2.42555
40.2613	-0.818462	-0.0656066	-0.969519	1.27049
147.041	-0.928679	-0.333299	1.52172	1.8136
64.4848	2.45867	0.0197002	-1.17357	2.72447
102.608	-0.639764	0.829932	0.234382	1.07379
131.444	-0.054268	1.35804	1.20008	1.81312
122.927	-0.440882	0.900943	0.649565	1.19499
102.747	0.986504	0.779145	0.284384	1.28885
25.4417	-0.656933	-0.269449	-1.49255	1.65283
119.9	0.179952	-1.86585	1.07787	2.16231
56.9318	-0.953726	1.67201	-1.2533	2.29694
77.9678	-0.123046	-1.84622	-0.394385	1.89188
59.1318	-1.17014	0.424115	-0.743957	1.45003
141.434	0.900044	1.3846	2.07119	2.64897
76.6435	1.56895	-0.242856	-0.376956	1.63177
103.727	-3.96182	-1.82025	1.06502	4.48816
113.724	1.0108	-1.7311	0.880975	2.18965
10.3026	-0.0111182	-0.420702	-2.31518	2.35312
36.6305	-1.38209	0.564199	-2.00784	2.50198
69.5682	0.984326	-0.266377	-0.37988	1.08819
150.787	0.0713186	-0.684331	1.23042	1.40972
121.077	-0.219865	1.2749	0.779723	1.51052
110.589	2.48283	1.95165	1.18635	3.37355
30.0116	-0.909905	-1.37063	-2.84818	3.28918
65.8366	3.27226	-1.29279	-1.57852	3.85626
45.9907	-0.366767	0.676688	-0.743524	1.07016
80.5256	1.49933	1.14785	-0.315122	1.91438
120.233	-2.03795	-1.01527	1.32691	2.63528
84.0125	1.36351	0.465048	-0.151099	1.44854
107.584	-1.47031	-0.494412	0.491596	1.62725
75.2833	-2.39522	-0.302142	-0.63411	2.49609
70.3816	-0.00425634	1.03028	-0.367242	1.09378
96.2862	-0.387342	2.03472	0.228164	2.08379
112.667	-1.37052	0.764622	0.655425	1.70075
127.021	1.19165	1.30972	1.33532	2.21776
45.8085	-0.372874	-1.70426	-1.69602	2.43311
177.299	0.00333332	-0.0512342	1.08846	1.08967
104.226	0.844278	0.979129	0.327778	1.33377
64.7364	1.37883	-2.51968	-1.35548	3.17604
88.9614	-3.34151	0.330288	-0.0608758	3.35834
21.3609	0.0698439	-0.772976	-1.98442	2.1308
88.5696	-0.862637	3.13794	-0.0812626	3.25537
69.7614	0.211797	1.21061	-0.453123	1.30986
107.292	0.833192	-1.48557	0.530256	1.7839
156.891	0.135476	0.961534	2.2756	2.47412
142.861	-0.0711284	-0.781101	1.0356	1.29909
99.2198	1.33474	0.735362	0.247358	1.54385
68.4509	2.63735	1.65862	-1.23033	3.34968
99.705	-0.0182137	-1.34229	0.229585	1.36191
84.2682	-0.278104	2.89298	-0.291717	2.92092
100.083	1.418	-1.22601	0.333344	1.90393
16.8199	0.475991	-0.289405	-1.84278	1.92514
14.117	0.0782241	0.341684	-1.39375	1.43715
161.754	-0.606418	0.038836	1.8432	1.94078
50.059	1.67521	0.524223	-1.46981	2.28943
97.3606	0.152662	2.32714	0.30126	2.35151
116.881	0.808357	2.06551	1.12437	2.48676
121.695	-1.91631	0.529661	1.22768	2.33666
79.1935	1.51228	2.1758	-0.505777	2.69757
128.466	0.68025	0.57675	0.708531	1.13903
114.6	2.12951	1.18274	1.11523	2.67907
38.855	0.26699	-0.801869	-1.04909	1.34717
89.6771	-0.774819	1.30195	-0.00853978	1.51509
83.7052	-1.7913	0.743124	-0.213927	1.95109
78.9607	-1.08297	-5.14812	-1.02634	5.35998
102.965	1.64085	-0.156302	0.379467	1.6914
80.1683	1.45485	-1.44755	-0.355667	2.08291
152.28	1.20942	-0.463172	2.46469	2.78422
62.5083	-2.00372	2.5408	-1.68387	3.64774
137.254	0.299653	1.10905	1.24295	1.69255
143.737	0.443607	-1.3078	1.8825	2.33472
113.491	0.649008	1.99783	0.912975	2.29043
115.672	2.79968	0.553216	1.37173	3.16637
15.108	-0.433806	-0.0843991	-1.63699	1.6956
111.137	-0.148222	-1.37668	0.535311	1.48451
85.3773	-3.03174	-0.581709	-0.249607	3.09712
81.8707	-0.722308	-1.08829	-0.186578	1.31944
61.0988	-0.222333	2.15891	-1.19815	2.47909
62.5881	0.237533	-1.51202	-0.793773	1.72415
66.2678	-1.68638	-0.610729	-0.788523	1.95924
42.1369	0.589666	0.892078	-1.18194	1.59389
121.326	1.51588	1.26945	1.20338	2.31463
120.013	1.87275	-1.39369	1.3485	2.69592
47.8386	1.58939	-0.170899	-1.44751	2.15654
27.0108	-1.21406	-0.491655	-2.5695	2.8841
117.958	1.34294	0.502793	0.761116	1.62345
70.141	0.464877	-3.19875	-1.16748	3.43674
142.426	-2.32688	0.873918	3.23059	4.07612
71.9102	0.926785	-0.85171	-0.41116	1.32416
95.4922	-2.11363	-0.149548	0.203736	2.12868
147.314	1.28025	0.222226	2.02507	2.40611
150.598	0.562868	-0.0956697	1.01317	1.16297
79.699	2.21406	-0.0816856	-0.402679	2.25187
63.7872	1.13378	0.343841	-0.58331	1.32058
114.091	0.53224	-1.53239	0.725325	1.77696
109.607	-0.0248322	-2.47967	0.883351	2.63243
149.568	0.673972	0.832706	1.82361	2.11499
121.533	-3.07764	0.311955	1.89806	3.6293
28.1165	0.702527	-0.117632	-1.33311	1.51148
134.459	-0.936947	0.119844	0.926904	1.3234
20.0876	0.399726	0.069958	-1.10965	1.18153
63.5144	0.378731	1.0392	-0.551117	1.23576
69.1024	2.84541	-1.59787	-1.246	3.49315
61.7644	-0.876706	-0.987625	-0.709162	1.49898
88.1661	3.77887	2.68963	-0.148511	4.64069
83.9821	-0.683312	1.59072	-0.182512	1.74087
148.924	-1.02416	0.176689	1.72449	2.01346
143.504	-1.39136	-0.149897	1.89148	2.35288
99.3622	-0.695865	1.02963	0.204889	1.2595
120.479	-0.710193	0.890003	0.670134	1.3212
45.9622	0.839371	-0.487362	-0.938537	1.35015
114.767	-1.21651	-0.254608	0.573423	1.36877
47.3024	-2.152	1.08718	-2.22465	3.28057
149.983	-0.5291	0.248262	1.01161	1.1683
138.902	0.721781	0.287996	0.890873	1.18219
62.2831	1.21475	-1.04877	-0.843167	1.81286
45.6065	-0.506755	0.607363	-0.774433	1.10699
89.2799	0.403114	1.463	-0.0190751	1.51764
89.6372	2.89875	-1.74015	-0.0214089	3.38102
109.158	0.845115	-0.425519	0.328714	1.00167
115.561	-0.207197	1.22569	0.594554	1.37794
144.93	0.906148	-0.734348	1.66142	2.02995
140.91	-1.12044	0.904808	1.77274	2.284
82.3252	0.911818	-1.00769	-0.183135	1.37127
69.138	-1.59122	0.84785	-0.687132	1.9295
52.7341	-1.04867	1.4497	-1.36135	2.24825
53.1502	1.23018	-1.68186	-1.56167	2.60399
93.6977	-0.00942322	-1.77703	0.114845	1.78076
83.8579	-1.92889	-0.332379	-0.210632	1.96861
64.4322	0.630202	-1.17591	-0.63829	1.47897
79.2716	-1.38438	1.62531	-0.404507	2.17297
46.047	1.82371	-0.591889	-1.84854	2.66333
52.3291	-0.201369	0.929446	-0.734253	1.20148
129.12	-0.583635	-1.6167	1.39784	2.21547
74.1925	0.782428	-0.629004	-0.284222	1.04337
121.327	-0.802237	0.916822	0.741484	1.42616
83.8567	-0.951676	-1.86113	-0.224991	2.10241
53.0953	-1.6751	-1.27976	-1.58302	2.63623
46.703	-1.18272	0.640993	-1.26757	1.84836
99.2023	0.542108	-1.51707	0.260993	1.63202
103.009	1.28702	0.950174	0.369613	1.64191
89.2595	1.94288	-0.680577	-0.0266076	2.0588
161.257	0.884002	0.390005	2.84752	3.00698
82.9519	-0.329672	-3.82458	-0.474617	3.86799
47.1331	1.9528	-0.415745	-1.85317	2.72406
103.36	4.0002	2.23731	1.08849	4.71084
129.221	-0.669535	0.398069	0.635765	1.00545
94.0353	0.377563	1.52659	0.110939	1.57649
169.798	-0.138331	-0.294743	1.80916	1.83823
162.216	-0.133677	-0.601927	1.92226	2.01873
55.4641	0.133172	0.936957	-0.651297	1.14883
71.6556	-1.31609	0.242193	-0.443716	1.40983
127.628	1.68185	0.798482	1.4352	2.35074
134.944	0.40354	1.30936	1.36746	1.93577
78.5622	-1.84017	0.766281	-0.403298	2.03373
100.911	-3.19065	-0.975321	0.643155	3.39781
18.5252	0.0851721	0.367409	-1.12554	1.18705
82.0504	-0.204393	-1.41525	-0.19968	1.4438
56.0751	-0.440921	1.31375	-0.932074	1.67006
87.0224	-3.65034	-0.753051	-0.193874	3.73225
78.6887	1.4599	-0.107371	-0.292805	1.49284
53.9181	0.237822	1.52515	-1.12485	1.90995
32.7337	0.7884	0.0654456	-1.23069	1.46303
34.4453	0.348411	0.860449	-1.35347	1.64123
95.3104	0.491325	4.16113	0.389461	4.2081
70.5419	-0.403836	-2.25585	-0.809651	2.43053
86.515	2.66597	0.151224	-0.162618	2.6752
121.484	0.65943	-0.864895	0.666079	1.27536
134.264	-1.67091	-2.20423	2.69576	3.86234
143.829	-0.450862	0.497698	0.918515	1.13783
86.1681	-0.441657	-1.56148	-0.108691	1.62638
81.9201	-0.117678	0.991534	-0.14175	1.0085
39.2275	-0.790124	0.2352	-1.00981	1.30358
81.3758	0.767719	0.829016	-0.171369	1.14282
104.487	-0.708397	-1.15451	0.349986	1.399
28.7018	-0.0882801	0.856169	-1.572	1.7922
86.0627	2.27384	-0.860202	-0.167325	2.43686
83.7361	-0.746372	-1.52424	-0.186288	1.70736
95.8261	-1.07027	1.33806	0.174833	1.72233
36.2085	-0.715744	-0.84212	-1.50958	1.87091
120.504	0.677861	0.766434	0.60279	1.18755
125.147	-0.668167	0.814959	0.741946	1.28883
135.907	1.73055	-0.0688162	1.78764	2.48902
40.367	-1.41109	-1.28947	-2.24865	2.95132
55.5877	-1.14528	0.244404	-0.80222	1.4195
146.107	0.346307	0.735722	1.21043	1.4582
65.9576	0.139985	-1.02764	-0.462681	1.13565
106.715	0.157384	-2.68481	0.807639	2.80807
37.1305	-1.67358	-0.159382	-2.22043	2.78507
86.8251	-0.222196	1.16062	-0.0655491	1.18351
94.7621	1.42296	-0.240829	0.120226	1.44819
50.5836	0.728737	0.569937	-0.760362	1.19751
143.383	1.52629	-0.720133	2.27097	2.82939
33.5808	1.62877	0.522902	-2.5766	3.09276
166.323	-0.0559551	-0.257942	1.08466	1.11631
127.337	-0.290909	-0.992362	0.788844	1.30065
94.0715	0.934578	-2.32439	0.178326	2.51158
116.704	-1.3207	-0.145234	0.668375	1.4873
129.578	1.20263	-1.01998	1.30353	2.04594
139.457	-0.650018	-0.778616	1.18575	1.56037
99.7294	-1.59088	1.21586	0.343316	2.03152
130.84	0.633944	0.53057	0.714578	1.09271
27.4466	-0.513057	-0.185451	-1.05037	1.1836
9.33865	-0.0395171	-0.281672	-1.7296	1.75283
107.792	-1.40642	0.293954	0.461093	1.50898
81.2609	-1.29711	1.34172	-0.286872	1.88812
95.952	2.46925	2.98664	0.40402	3.89621
37.5122	-0.0229071	1.00964	-1.31555	1.65848
82.912	1.56158	1.11541	-0.238619	1.93381
44.9529	-0.746648	0.68767	-1.01674	1.43671
89.6848	0.418179	1.20191	-0.00700157	1.2726
82.4318	-0.821906	-2.44728	-0.343002	2.60429
124.602	0.0160905	-3.41594	2.35672	4.15007
70.9434	-0.111099	-1.18448	-0.410954	1.25865
83.9	-1.20325	-0.524125	-0.140259	1.31992
51.3718	0.647211	-1.01451	-0.961613	1.54039
134.017	-0.369065	0.71647	0.778756	1.12071
77.3872	-0.944027	-3.54439	-0.820749	3.75866
46.9872	-0.468781	-0.905752	-0.951473	1.39479
95.3012	1.76676	0.180469	0.164786	1.78358
94.5946	-1.56412	-0.596192	0.134518	1.67929
128.767	0.701608	0.43511	0.662992	1.05884
110.766	1.7147	0.737101	0.707716	1.99609
90.6548	-2.5224	-0.432271	0.0292494	2.55934
11.4733	0.339558	0.544055	-3.15974	3.22417
74.9475	0.641283	1.18645	-0.362699	1.39659
56.3825	0.638565	0.886838	-0.726547	1.3123
24.8116	0.790671	0.768869	-2.38556	2.62816
71.493	2.83076	-0.814769	-0.986011	3.10633
94.2949	0.909892	-0.797286	0.0908544	1.21319
105.739	2.46253	-0.586697	0.713422	2.63006
130.246	-0.810531	0.711771	0.913055	1.41324
43.1118	0.858752	0.642243	-1.14546	1.56908
41.1599	0.756063	1.37613	-1.7961	2.38565
129.908	0.769565	-1.0158	1.06588	1.66138
131.928	-0.847739	1.73335	1.73297	2.59352
46.4886	1.32259	-2.09466	-2.35177	3.4158
37.4154	-0.748118	-0.178301	-1.00535	1.26578
143.169	-0.997704	0.283686	1.38496	1.73032
105.671	1.77695	0.28784	0.50499	1.8696
173.015	0.227318	-0.429146	3.96346	3.99311
44.9998	0.886708	0.956458	-1.30426	1.84449
144.475	-0.765313	0.838901	1.59051	1.95427
77.7148	-1.09579	1.63611	-0.428815	2.01532
32.752	0.526793	0.14907	-0.851087	1.01197
133.702	-1.04078	-0.437826	1.0791	1.56185
32.4773	0.385125	0.618393	-1.14454	1.35672
98.4829	-0.723609	-3.23655	0.494633	3.35314
106.262	1.03162	2.24048	0.719514	2.56937
104.279	1.13602	-0.779215	0.350607	1.4215
45.0012	1.22523	0.652606	-1.38814	1.96317
95.6479	2.19403	0.366422	0.219983	2.23526
82.3749	-1.33792	0.219912	-0.181517	1.36797
8.4072	0.0944192	0.303468	-2.15039	2.17375
28.5193	-0.419069	-0.49044	-1.18717	1.35111
85.643	2.14542	-4.10027	-0.352585	4.64105
125.372	-1.16469	0.0442318	0.827447	1.42938
156.733	0.301986	0.61582	1.59514	1.73635
84.4683	-1.57107	-0.950071	-0.177812	1.84459
50.3045	0.83733	0.386245	-0.765437	1.19842
2.9048	-0.0660462	-0.0428256	-1.55129	1.55329
141.638	-1.52753	-0.141166	1.93812	2.47176
60.8999	2.01353	-1.60394	-1.43284	2.94617
71.669	-1.13733	-0.297962	-0.389534	1.23856
35.3031	-0.0137009	-0.616196	-0.8704	1.06653
35.2552	-0.702513	-0.426985	-1.16301	1.42423
53.1065	-1.11084	-1.19981	-1.22737	2.04449
97.1907	0.714127	0.847561	0.139829	1.11709
30.0092	-1.37775	-0.114032	-2.39361	2.76416
77.5462	-1.08806	-1.30419	-0.375103	1.73939
100.029	1.38192	-2.51419	0.50736	2.91346
140.667	-0.540511	-0.528707	0.922677	1.1929
112.341	-0.742152	0.861754	0.467373	1.22957
103.819	-0.276223	2.36584	0.585887	2.4529
114.005	0.22581	-2.75435	1.23073	3.02525
31.8467	-0.135796	1.15432	-1.87117	2.20276
72.6612	-1.93391	1.60841	-0.785318	2.6351
117.836	-0.747701	-0.621294	0.513339	1.09935
35.0665	0.740106	0.574835	-1.33505	1.63112
117.536	-0.982532	-0.955251	0.714452	1.54542
101.671	-1.5964	-0.719323	0.361699	1.78794
116.047	0.232013	-1.93938	0.954629	2.17401
168.694	-0.204859	-0.00586332	1.02504	1.04532
99.9847	-0.534077	-1.08362	0.212685	1.22667
121.646	2.31919	-0.0261633	1.42943	2.72445
103.419	2.84847	-0.407908	0.686529	2.9583
111.819	2.93059	-0.2876	1.17894	3.1719
135.998	1.38001	-0.462596	1.50706	2.09515
63.5007	-2.83788	2.13741	-1.77128	3.96982
60.9986	1.24951	0.711715	-0.797136	1.64415
143.681	0.710988	-0.065583	0.971323	1.20552
121.783	-0.435311	1.41561	0.917668	1.74229
88.9362	-0.766147	-1.19843	-0.0264123	1.42264
162.257	-0.166988	0.559807	1.82571	1.91689
9.89591	-0.208513	-0.27539	-1.98002	2.00993
129.762	1.52384	0.718183	1.40166	2.19146
59.3879	-1.42817	-0.321681	-0.866194	1.70101
6.2398	0.0106342	0.197443	-1.80843	1.81921
84.8491	1.68406	0.710135	-0.164752	1.83507
136.191	0.700399	0.245021	0.773528	1.07189
108.14	-1.2028	-0.016094	0.39411	1.26582
75.743	-1.46329	-0.155938	-0.373924	1.51834
42.44	-0.0950051	1.45323	-1.59266	2.15812
146.986	0.708301	0.0141283	1.09034	1.30028
43.0527	-1.3242	0.986127	-1.76727	2.41851
106.926	-0.93191	-0.697663	0.354262	1.21684
40.9166	0.336395	-0.76481	-0.963988	1.27568
46.074	-0.979461	-0.687501	-1.15262	1.66149
81.6979	0.127663	1.11934	-0.164397	1.13853
147.589	0.739577	0.366642	1.30016	1.54007
15.1592	0.537952	-0.131853	-2.04436	2.11806
81.2984	3.69339	-0.626911	-0.573361	3.78984
56.4891	-2.53227	1.32954	-1.89383	3.43026
108.126	-0.329995	0.907652	0.316155	1.01621
105.562	-0.64107	-1.76534	0.523031	1.9496
39.895	-1.46244	-0.276337	-1.78033	2.32049
63.4632	-1.07911	-0.442702	-0.582478	1.30374
65.6808	1.89203	0.895757	-0.946035	2.2972
104.01	0.680329	-1.03753	0.309569	1.27873
119.989	0.667277	-1.23194	0.808547	1.61762
143.676	1.58544	-0.137187	2.16444	2.68649
66.2268	1.05775	-0.865875	-0.602139	1.4937
42.513	-0.270494	1.17356	-1.31369	1.78219
147.795	0.372751	-0.861624	1.49048	1.76149
131.98	0.0596906	-1.42111	1.27983	1.9134
46.6285	-2.0968	0.668966	-2.07925	3.02776
120.55	-1.68934	-0.511626	1.04181	2.04964
40.9779	0.0783339	0.695045	-0.805246	1.0666
64.0248	-0.00609619	-1.35999	-0.66259	1.51282
69.141	-0.997942	1.65791	-0.737349	2.0708
143.929	0.313928	-0.61525	0.9482	1.1731
122.986	0.440181	1.73562	1.16218	2.13467
109.026	-0.423879	-0.848008	0.326926	1.00283
83.1436	0.34644	-0.948967	-0.121472	1.0175
55.8316	0.404759	-1.56154	-1.09499	1.94968
128.936	-1.65506	0.345307	1.36597	2.17356
127.812	-0.696332	-1.13435	1.03288	1.68477
66.8753	-1.83055	-0.00967528	-0.781741	1.99051
56.5571	1.23602	-0.239006	-0.831456	1.5087
130.634	0.800474	0.0159292	0.687055	1.05502
73.7076	-0.769966	1.2858	-0.438037	1.56141
50.9771	0.87718	1.11729	-1.15123	1.82842
61.6899	0.692418	-0.746314	-0.548395	1.15636
130.314	0.997444	-0.957853	1.17335	1.8136
111.496	-0.691872	0.700018	0.387625	1.05781
69.9239	-0.457045	1.0702	-0.425308	1.239
97.4219	-0.353186	1.27503	0.172346	1.33422
38.1408	0.0188701	1.09499	-1.39465	1.77325
131.498	-0.768305	1.36774	1.38785	2.09455
70.3032	0.935891	1.84316	-0.740018	2.19562
77.1824	-2.36459	1.9684	-0.699998	3.15529
37.9242	0.645681	1.55189	-2.15727	2.73479
46.3516	-0.120582	2.09348	-2.00028	2.89799
68.3874	-0.663607	-0.752324	-0.397442	1.07904
153.148	0.448902	0.42043	1.21486	1.36167
129.87	-0.991917	0.355057	0.879952	1.37269
145.918	0.70638	0.782654	1.55823	1.88139
54.835	-0.17734	-0.916346	-0.657552	1.14172
20.642	0.39405	-0.78977	-2.34295	2.50368
133.613	-1.82993	-0.634309	1.84518	2.67501
94.3435	-0.784295	1.46555	0.12625	1.66701
132.853	-1.03801	-0.804312	1.21824	1.79123
89.4477	0.791609	-1.15963	-0.0135352	1.40413
70.9575	-0.3457	1.19273	-0.428624	1.31371
102.799	2.4026	-0.238048	0.548489	2.47588
45.2861	1.92037	0.0946373	-1.90359	2.70563
73.1361	-2.82579	-0.376516	-0.864168	2.97886
81.4163	0.486376	-1.35732	-0.217638	1.45817
121.966	-1.74905	2.01193	1.66363	3.14241
96.4234	0.810057	1.89305	0.231814	2.0721
122.075	0.780864	-1.70413	1.17473	2.21219
33.3332	-0.821596	1.15603	-2.15635	2.58094
62.2939	0.86972	1.20743	-0.781448	1.68076
32.0778	-0.640193	0.608843	-1.4096	1.66359
123.829	0.922417	-0.613734	0.742515	1.33374
132.472	0.347728	-1.20163	1.14515	1.69594
125.851	-0.184828	-1.53592	1.11784	1.90861
75.425	2.32304	-0.319019	-0.609692	2.42281
82.7966	1.18215	1.33525	-0.2254	1.79755
97.4475	1.21679	2.16156	0.32425	2.50161
110.139	1.25669	0.12646	0.463167	1.34528
3.38208	-0.0563654	0.0985962	-1.92176	1.92511
116.238	-2.68925	-0.843428	1.38917	3.14217
132.628	-0.203367	1.40196	1.30393	1.92538
95.1176	-2.46033	-0.452506	0.224034	2.51161
106.211	-1.63776	0.319857	0.485155	1.7378
102.879	1.07319	-1.34461	0.393342	1.76477
145.152	-0.520879	0.589479	1.12981	1.37669
128.227	-1.3761	0.470607	1.14557	1.85134
133.134	2.36232	0.0343892	2.21348	3.23748
160.003	0.311092	0.266625	1.12584	1.19808
137.187	-1.13278	-0.19645	1.24097	1.69168
126.426	-1.63293	-0.151074	1.21018	2.03809
65.1243	3.19529	-0.744859	-1.52128	3.61649
74.7565	0.03382	-1.02983	-0.280791	1.06796
75.9302	-4.64004	1.79787	-1.24714	5.13008
172.324	0.220162	-0.0544917	1.68273	1.69795
57.4929	-1.54542	-0.911071	-1.14321	2.12727
65.9267	-2.07744	-0.771256	-0.990016	2.42708
108.04	1.59676	-0.295502	0.528875	1.70783
70.7191	-0.304771	-1.78494	-0.633448	1.91837
46.7251	0.127008	-1.4643	-1.38385	2.01876
38.4912	0.20351	-1.26199	-1.60754	2.05383
152.374	-0.420078	-0.363503	1.06144	1.19802
43.0669	-0.174084	-1.57793	-1.69841	2.32482
94.3348	2.85303	0.233659	0.216985	2.87079
128.98	-1.04319	1.56269	1.52039	2.41699
140.776	-1.05987	-0.75332	1.59299	2.05632
154.022	-0.383809	-0.243965	0.933336	1.03824
11.2235	-0.455472	-0.0813849	-2.33171	2.37717
76.4874	-1.10083	0.172149	-0.267758	1.14593
75.0264	-1.84207	-1.1517	-0.581039	2.24883
51.1252	1.83715	0.669668	-1.57639	2.51169
54.0955	-2.07329	0.052449	-1.50154	2.56046
132.863	0.945537	0.576857	1.02792	1.5111
68.7874	-1.39177	-0.225739	-0.547243	1.51243
126.213	-1.28058	-0.434104	0.990092	1.67589
46.8855	-1.17694	0.832723	-1.34984	1.97502
45.7509	0.747869	-0.581709	-0.922953	1.3227
133.064	-0.9362	0.832104	1.17062	1.71442
125.82	1.3576	-1.29529	1.35427	2.31406
130.306	0.733409	-0.226782	0.651168	1.00665
31.4649	0.246382	1.18203	-1.97307	2.3132
88.3068	3.60724	1.08695	-0.111369	3.7691
148.967	0.504934	-0.193097	0.898534	1.04862
48.2487	0.875561	-0.494634	-0.897592	1.34794
79.9891	0.181022	1.35535	-0.241377	1.38853
112.642	-1.04096	0.480901	0.478289	1.24243
112.049	1.12643	-0.870301	0.576542	1.5358
121.638	-1.42062	0.0688589	0.876308	1.67057
106.521	-2.02059	-1.7671	0.796213	2.79989
145.389	-0.93675	0.360451	1.45436	1.76709
74.6446	-1.77566	-0.0715268	-0.488007	1.84289
98.6629	-0.530662	1.55546	0.250398	1.66245
45.7532	-1.17166	-0.330991	-1.18592	1.69963
21.1514	-0.560955	-0.366832	-1.73237	1.85751
117.026	0.900284	-2.9117	1.55464	3.42132
121.846	1.24861	0.916622	0.96209	1.82342
108.099	0.461547	1.11236	0.393608	1.26701
91.5616	-0.430192	-1.38501	0.0395379	1.45082
88.9958	-0.617674	-1.88128	-0.0347099	1.98039
81.7352	1.77422	1.25282	-0.315493	2.19476
115.988	2.01683	0.210374	0.988499	2.25588
78.3409	-1.47947	0.49139	-0.321682	1.59179
92.031	-0.392718	-1.8731	0.0678682	1.91503
91.4553	-1.03967	0.255398	0.0271983	1.07093
102.105	-0.0634412	-1.55012	0.332732	1.5867
58.0293	1.24215	1.14291	-1.05355	1.98976
80.1085	-1.35995	0.873537	-0.281847	1.64072
75.3755	-0.391481	2.24972	-0.595857	2.35999
126.489	2.12145	1.29583	1.83875	3.09205
118.254	-1.79287	-0.0327334	0.963651	2.0357
132.434	0.0552568	0.742321	0.680516	1.00856
45.401	0.650022	-0.405386	-0.755423	1.07589
27.0022	-0.672491	-1.55214	-3.31956	3.7257
50.8849	-0.270961	1.12562	-0.9414	1.4922
126.112	-1.24051	0.36043	0.942402	1.59903
151.407	0.886401	-0.173024	1.65694	1.88709
78.2263	0.0726117	1.16674	-0.243657	1.19412
140.13	0.55067	0.497952	0.888877	1.15814
136.695	-0.582479	-0.488238	0.806404	1.10813
58.551	-1.56239	-0.0472878	-0.955961	1.83226
120.104	1.9609	-0.438472	1.16495	2.3226
125.56	-1.29278	0.836032	1.1006	1.8925
69.9352	0.578764	2.52376	-0.945737	2.75659
39.7926	-0.18939	1.64705	-1.9904	2.59043
114.64	-1.17544	0.711786	0.630292	1.51181
139.685	-0.28569	-0.970201	1.19195	1.56321
37.1794	1.02579	-1.31088	-2.19457	2.75441
62.6808	0.38135	1.88277	-0.992317	2.16216
99.7503	-1.67129	-0.585965	0.304326	1.79699
51.9151	0.638884	1.19353	-1.06091	1.71995
156.937	-0.699902	0.034585	1.64587	1.78884
121.072	1.69653	0.722978	1.11123	2.15308
68.9813	-0.670893	1.08222	-0.489253	1.36406
142.58	0.785327	0.713527	1.38681	1.74617
80.9578	1.44076	-1.4288	-0.32291	2.05463
147.933	-0.459247	-1.25759	2.13699	2.52174
31.4349	-0.353235	0.550487	-1.07008	1.25414
66.6327	1.55532	0.0673988	-0.672627	1.69588
127.077	-1.52749	-1.29747	1.51446	2.51202
148.829	0.559594	-1.55202	2.72727	3.18747
154.214	-0.646672	-0.223263	1.41609	1.57268
22.3139	0.378783	0.47976	-1.48939	1.60995
132.732	-1.59297	-0.201359	1.48332	2.18594
103.745	0.532433	-2.54103	0.635067	2.67276
50.2255	-0.761852	2.08567	-1.84834	2.88908
5.44596	0.197322	0.0154663	-2.07608	2.08549
120.328	2.43655	0.303864	1.43646	2.84473
75.9181	-0.124147	-1.04794	-0.26471	1.08796
85.3921	-0.777092	0.813014	-0.0906441	1.12831
114.959	1.88679	0.612237	0.923273	2.18798
32.1017	1.23156	0.015719	-1.9633	2.31765
129.837	2.23343	-0.103649	1.86529	2.91174
151.222	-0.516687	0.136884	0.973155	1.11029
35.607	0.853232	0.492299	-1.37558	1.69191
33.3193	-0.410988	-0.479577	-0.960798	1.1498
81.9538	0.663343	1.02115	-0.172137	1.22979
82.0146	1.31175	1.1736	-0.246911	1.77735
76.9749	0.977937	1.72427	-0.458562	2.03463
138.141	-0.69959	-0.306464	0.852448	1.14456
11.0452	-0.226505	0.199505	-1.54632	1.5755
159.913	0.888335	-0.439207	2.70993	2.88544
129.086	-0.081705	1.14047	0.928741	1.47306
77.3851	0.0717514	5.18428	-1.16035	5.31303
82.1178	-0.550892	1.45064	-0.214829	1.56652
64.0767	1.45999	-0.642335	-0.775314	1.77349
133.027	1.59216	0.144179	1.49217	2.18686
72.9591	-0.0664655	-1.40562	-0.431319	1.47181
41.722	1.29209	0.115323	-1.45485	1.9492
67.6774	0.453566	1.24865	-0.54546	1.4361
100.335	0.135685	-1.79303	0.32792	1.82781
86.3036	-0.691535	1.53378	-0.108694	1.68598
122.762	2.24939	-0.588516	1.49624	2.76493
148.643	-0.559979	0.475852	1.20593	1.41219
53.8547	-1.14501	1.42209	-1.33358	2.26093
95.3743	-1.42028	0.393999	0.138658	1.48042
86.8157	-2.12972	1.00355	-0.130978	2.35796
122.962	2.99717	-0.210247	1.9483	3.58093
108.359	1.41699	-0.581277	0.508278	1.61372
123.163	0.374022	-2.00749	1.33437	2.43935
95.5898	1.28148	0.217909	0.12722	1.30609
73.3455	-1.46129	0.238353	-0.442921	1.54543
161.093	0.787269	0.230838	2.39522	2.53183
52.2525	-0.375903	1.19682	-0.971219	1.58649
111.89	1.49922	1.52261	0.858543	2.30285
86.2368	0.237815	1.3729	-0.0916465	1.39635
55.8454	0.896326	-0.295625	-0.640327	1.14053
101.822	0.1876	-1.19916	0.254049	1.24004
90.4165	-0.336016	2.06079	0.0151793	2.08806
66.2217	1.50215	1.36722	-0.894947	2.21962
129.717	0.319411	-3.50434	2.9232	4.57466
113.805	1.01177	1.98999	0.984851	2.44001
120.815	2.48674	-1.3182	1.67879	3.27718
95.4001	2.06916	0.437026	0.199912	2.12424
42.3756	0.416929	1.42791	-1.63046	2.20707
86.8343	-2.90728	-0.401685	-0.162327	2.93938
76.821	0.907494	-1.32012	-0.375117	1.64529
66.9685	-0.30823	-1.66648	-0.720476	1.84154
79.6215	0.163409	1.03518	-0.191938	1.06543
169.619	-0.236774	-0.14511	1.51596	1.54118
126.486	-1.54799	-0.832355	1.29985	2.18602
161.462	-0.832425	-0.752361	3.34603	3.52915
134.645	-0.652308	0.786177	1.00898	1.43583
56.0892	-1.51269	0.508185	-1.07275	1.92283
68.6615	1.55117	-1.16875	-0.758731	2.08513
99.5906	3.3055	0.950419	0.581151	3.48817
30.7101	0.702735	-0.759215	-1.74164	2.02572
109.195	-1.80957	-1.22857	0.761472	2.31598
110.015	-2.94051	0.90965	1.12122	3.27585
16.0611	-0.917479	-0.299019	-3.35179	3.48793
161.782	-0.00237572	-0.486465	1.47807	1.55607
122.554	-0.504018	1.40465	0.952709	1.77051
154.5	-1.72465	0.136666	3.6272	4.01867
32.7275	0.567924	-0.45794	-1.1352	1.34941
140.437	-0.895627	-0.208226	1.11297	1.44368
63.0549	-1.2034	1.26474	-0.887416	1.95838
129.432	0.723206	0.344985	0.658916	1.03741
81.8621	0.912015	-0.514845	-0.14976	1.05795
54.632	0.120123	1.00964	-0.72172	1.24687
149.834	-0.703284	0.19293	1.2547	1.45124
91.9491	-1.51687	-0.411122	0.0534831	1.57251
95.1322	-0.388249	2.76977	0.251194	2.80811
111.829	0.734607	-1.01676	0.502459	1.35127
79.6098	-0.790574	-1.16831	-0.258654	1.43417
51.7651	2.10072	0.258052	-1.66762	2.69455
95.3611	0.322389	-2.98917	0.282137	3.01971
51.1262	-1.08725	1.23015	-1.3235	2.1088
58.5752	-1.98368	0.99841	-1.35688	2.60249
18.2813	-0.729938	0.123786	-2.24109	2.36021
128.997	1.6125	0.935093	1.50929	2.39844
151.406	1.98	-0.632364	3.81329	4.34298
134.574	1.19729	0.625074	1.33069	1.89604
121.421	0.485748	2.17273	1.36012	2.60895
25.8183	-0.781889	-1.57218	-3.62925	4.03169
100.719	0.554181	-1.15398	0.242335	1.30289
50.3047	-1.50119	0.173714	-1.25442	1.964
29.2393	0.413031	0.52679	-1.19583	1.37045
47.2324	0.177075	-1.44873	-1.34999	1.98813
147.479	-1.81447	-0.0168854	2.84594	3.37519
118.863	-0.769776	0.752908	0.593492	1.2295
61.3295	-0.142394	-1.28001	-0.704245	1.46787
68.9165	1.64	-0.200721	-0.637001	1.77078
37.0216	0.0522586	-1.18498	-1.57282	1.96994
9.94271	0.0143075	0.201761	-1.15386	1.17145
76.3317	-2.38904	2.48847	-0.838911	3.55018
25.1862	-0.185343	-0.44461	-1.02429	1.1319
101.463	1.2647	-0.544716	0.279243	1.40505
83.4936	1.45138	0.254729	-0.168057	1.48311
138.652	-1.5204	-0.349242	1.7727	2.36137
85.8723	-0.638223	-2.30099	-0.172324	2.39408
142.398	-0.303695	0.649801	0.931332	1.17552
111.594	-1.61349	0.0223693	0.638694	1.73545
34.313	0.204306	0.717619	-1.09326	1.32361
66.7908	-0.237121	-1.34416	-0.585261	1.4851
84.0833	1.66262	-0.390398	-0.176993	1.71698
77.2898	3.45744	0.632949	-0.792778	3.60319
50.2118	-1.39395	-1.12154	-1.49002	2.32833
41.5924	0.878329	-0.298506	-1.04514	1.39746
33.6712	0.00145242	-0.639319	-0.959666	1.15312
117.611	-0.695014	-2.10314	1.1585	2.49967
136.703	-0.781329	-0.623632	1.06095	1.45774
150.438	0.760466	-0.525123	1.62933	1.87318
97.8274	1.89223	-1.24842	0.311638	2.28828
133.804	1.62708	-0.294129	1.58583	2.29102
33.3849	0.655994	-0.510505	-1.26135	1.51061
76.0319	1.77634	-1.86547	-0.640728	2.65441
74.2554	-0.250721	-1.17942	-0.339941	1.25278
82.465	0.749389	-2.05049	-0.288773	2.20216
122.362	-0.299386	-2.1458	1.37295	2.56498
50.0689	1.37188	3.65685	-3.2693	5.09342
119.722	1.07914	1.25442	0.944668	1.9054
73.4901	-1.08771	-0.502604	-0.355154	1.24974
21.6398	0.317073	-0.621722	-1.75914	1.89253
71.9861	-2.52647	0.406519	-0.832147	2.69087
15.4917	-0.408728	0.28619	-1.80021	1.86807
52.6787	1.03626	2.09639	-1.78285	2.94062
43.8001	-0.689215	-0.567545	-0.93102	1.28993
162.436	0.0819049	0.427242	1.37439	1.4416
59.1572	-0.437445	0.772038	-0.52987	1.03352
19.1894	0.0386262	0.583819	-1.68117	1.78007
120.14	0.23739	-1.62441	0.953162	1.89831
41.436	-0.309382	0.774998	-0.945323	1.26094
40.2341	0.943014	1.1875	-1.79224	2.34767
109.115	-1.47031	0.52037	0.540544	1.65069
33.1766	1.56149	-0.935337	-2.78402	3.32624
60.9998	1.79053	0.525712	-1.03441	2.13363
114.12	0.866592	1.32404	0.708506	1.73379
12.7682	0.463229	0.113004	-2.10412	2.15746
106.065	-2.76261	2.47528	1.06816	3.86005
124.916	0.723298	0.602802	0.657237	1.14826
96.8448	-0.705176	-1.75811	0.227379	1.90786
38.3228	0.453857	-1.6482	-2.1629	2.75694
22.2068	-0.232949	0.410346	-1.15586	1.24846
35.331	0.667796	0.286579	-1.02517	1.2566
91.4924	-0.85297	-1.36131	0.0418528	1.60701
112.133	0.734673	0.597169	0.385079	1.02208
67.3603	0.140103	-1.89406	-0.792119	2.0578
50.5652	-0.68931	-0.554395	-0.727513	1.14533
91.0212	-1.16486	-0.20882	0.0210951	1.18362
19.5439	-0.647077	0.527386	-2.35159	2.49536
65.2595	-0.686058	0.846903	-0.50224	1.20007
128.976	1.60575	-1.428	1.7386	2.76412
68.6839	-1.05295	0.128575	-0.41392	1.13867
102.693	-0.524176	1.15772	0.28624	1.3027
94.7209	-0.0537189	-1.37694	0.113798	1.38268
127.944	-1.37539	-0.0584788	1.07338	1.74564
61.2235	0.540611	2.11402	-1.19843	2.48949
126.905	1.09641	2.45718	2.02059	3.36491
127.068	1.21561	1.161	1.26982	2.10668
105.714	-1.75571	-0.720873	0.533981	1.97162
73.6568	1.70799	-1.7067	-0.70804	2.51622
99.6999	1.83821	-0.837169	0.345259	2.04917
46.7494	-1.18825	0.328567	-1.15976	1.69261
131.789	1.54642	-1.13286	1.71328	2.57102
119.045	-0.946192	-0.615704	0.626899	1.29127
152.92	-0.566815	-0.256262	1.21665	1.36645
72.3318	-0.905977	-1.5751	-0.578791	1.90703
70.7196	-0.232473	1.31077	-0.465678	1.41033
150.105	0.231386	-1.40286	2.47309	2.85267
53.9951	0.270749	-0.802195	-0.615241	1.04659
42.803	-0.820597	-0.495894	-1.0353	1.41107
53.6946	-1.22675	-0.733548	-1.05016	1.77365
125.129	-2.09368	-1.18115	1.69132	2.93925
72.5007	-0.939774	-0.19171	-0.3024	1.00567
78.7452	-0.170231	2.30855	-0.460649	2.36021
159.831	0.212693	0.50428	1.48997	1.58731
66.0449	1.50912	-0.615926	-0.724179	1.7836
118.424	-1.9374	-1.54934	1.34265	2.82076
57.8359	0.644652	-1.73371	-1.16319	2.18503
156.128	-1.01306	0.147429	2.31318	2.52959
24.4331	1.18963	0.919479	-3.30946	3.635
120.086	1.31838	-0.331338	0.787555	1.57104
129.232	1.61691	-0.0646343	1.32128	2.0891
45.15	-0.778716	-0.362655	-0.854536	1.21167
114.98	1.54001	0.310408	0.731884	1.7331
106.793	-1.08366	1.55643	0.572328	1.981
101.234	-0.297145	-2.03583	0.40864	2.09759
110.145	2.39272	0.473923	0.894789	2.59815
141.474	0.242102	-1.04364	1.3456	1.72001
82.3335	1.06042	-1.35708	-0.231833	1.73779
165.934	0.253461	0.401325	1.8944	1.95296
42.5328	-1.45728	-0.249118	-1.61156	2.18697
100.709	1.86082	1.18035	0.416721	2.24266
170.765	0.224384	-0.28672	2.23936	2.26876
56.6147	-1.07671	0.606259	-0.814312	1.47985
96.6106	-0.138388	1.52261	0.177184	1.53912
100.575	-1.13981	-1.54299	0.358142	1.95147
82.904	1.01725	-0.159403	-0.128179	1.03761
115.636	0.967241	-2.2735	1.18569	2.74048
57.8449	-1.05465	-0.525785	-0.740817	1.39195
135.566	0.901367	0.158429	0.933459	1.30725
164.797	0.207403	0.171217	0.989663	1.02556
98.1793	-0.608617	2.19125	0.326879	2.29757
114.495	1.13901	-0.986447	0.686529	1.65582
110.878	-0.577561	-1.06207	0.461135	1.29392
114.389	1.29143	1.36437	0.851758	2.06272
50.8661	2.97064	-2.19091	-3.00338	4.75869
141.258	0.623519	0.272018	0.847855	1.08703
35.2075	0.657339	0.262153	-1.00293	1.22747
110.705	0.695533	1.08248	0.486322	1.37551
40.3945	1.08078	-0.506361	-1.40265	1.84171
89.8877	0.431074	2.07345	-0.00415258	2.11779
80.3229	-1.35261	0.299439	-0.236235	1.40536
120.441	1.88979	0.957864	1.24507	2.45744
39.9323	-0.3042	0.958901	-1.20178	1.56726
22.2259	0.297709	0.761779	-2.00158	2.16224
118.025	1.41651	3.4617	1.99084	4.23714
22.1406	0.518755	0.523557	-1.81141	1.95561
77.4589	-3.08394	-0.995341	-0.720859	3.31979
114.589	-1.39088	-0.460121	0.670378	1.61111
84.4094	1.83196	0.11983	-0.179706	1.84465
145.782	0.66806	-0.00132943	0.982371	1.18801
146.008	1.12529	0.107815	1.67646	2.02198
56.0993	0.0780035	-1.45572	-0.979635	1.75639
65.6547	-0.650847	0.793484	-0.464355	1.12643
85.4827	1.33393	0.0514476	-0.105466	1.33908
85.2127	-1.65251	0.333138	-0.141181	1.69165
89.233	-0.844661	0.972204	-0.0172422	1.28799
77.0079	0.490922	1.96394	-0.467068	2.07755
41.1696	0.941201	-0.19775	-1.09978	1.46098
46.4	0.124758	-1.46841	-1.40339	2.03502
52.1291	0.684741	-0.914131	-0.88821	1.44687
78.9116	-0.894775	1.64878	-0.367648	1.91161
45.1944	0.644271	-1.90269	-1.99523	2.8313
114.23	-0.934347	1.05508	0.634274	1.54548
98.8237	1.60004	2.14375	0.415247	2.70707
65.7161	1.13382	0.605567	-0.579946	1.41017
53.7851	1.25999	2.93515	-2.33905	3.95902
53.0348	-0.748657	-0.727756	-0.785782	1.30674
87.3748	1.27443	1.15938	-0.0789963	1.7247
159.223	0.125775	-0.485019	1.32061	1.41248
82.4761	1.72301	-0.116442	-0.228089	1.74193
19.3937	0.916177	-0.507057	-2.97455	3.15348
71.5005	0.554127	1.57262	-0.557882	1.75824
113.454	0.860551	-2.37599	1.09639	2.75462
65.4565	0.761766	-1.3312	-0.700374	1.68609
59.3774	-2.10484	0.15374	-1.24924	2.45247
41.236	-0.933168	2.13878	-2.66215	3.54009
46.4601	-0.326723	2.16801	-2.0835	3.02456
60.104	-3.71377	1.15439	-2.23595	4.486
58.5808	-0.35085	2.16085	-1.33727	2.56527
150.763	-0.0704511	0.517868	0.933749	1.07006
56.3616	-0.745895	2.19407	-1.54191	2.78349
66.2562	-1.40144	-0.786664	-0.70695	1.75575
102.925	-1.31705	-0.625469	0.334602	1.49593
60.5697	0.853668	-1.1948	-0.828444	1.68601
80.6501	-0.787909	2.47158	-0.427125	2.62906
18.9865	0.0253228	-0.899273	-2.61471	2.76515
